1,96,535.89,142.52,559.76,189.88,1,-1,-1,-1
1,95,547.61,143.43,569.38,189.87,1,-1,-1,-1
1,94,562.96,142.26,581.48,188.68,1,-1,-1,-1
1,93,474.85,145.29,545.17,327.6,1,-1,-1,-1
1,92,386.59,149.71,487.73,354.38,1,-1,-1,-1
2,94,561.05,142.99,578.95,188.02,1,-1,-1,-1
2,93,501.31,150.14,554.64,322.66,1,-1,-1,-1
2,92,392.87,150.85,496.24,355.4,1,-1,-1,-1
3,95,552.64,143.15,572.58,187.98,1,-1,-1,-1
3,93,510.49,145.68,569.53,328.64,1,-1,-1,-1
3,92,410.89,155.12,501.27,350.51,1,-1,-1,-1
4,93,515.93,141.39,580.32,339.3,1,-1,-1,-1
4,92,438.95,160.37,510.61,340.39,1,-1,-1,-1
5,93,526.22,137.25,598.6,346.72,1,-1,-1,-1
5,92,454.13,162.75,521.9,345.7,1,-1,-1,-1
6,93,531.92,139.28,610.59,352.81,1,-1,-1,-1
6,92,463.74,154.32,538.62,352.39,1,-1,-1,-1
7,93,536.89,141.06,617.78,354.88,1,-1,-1,-1
7,92,470.87,155.73,547.86,357.28,1,-1,-1,-1
8,93,555.24,142.57,627.04,349.45,1,-1,-1,-1
8,92,483.92,158.43,560.14,361.06,1,-1,-1,-1
9,93,570.71,142.54,638.11,347.29,1,-1,-1,-1
9,92,504.15,161.52,573.57,360.15,1,-1,-1,-1
10,98,496.07,145.43,519.35,196.03,1,-1,-1,-1
10,93,583.36,143.89,654.72,352.71,1,-1,-1,-1
10,92,521.61,158.43,591.05,360.72,1,-1,-1,-1
11,98,497.41,145.35,520.51,198.93,1,-1,-1,-1
11,93,598.19,143.21,671.19,352.65,1,-1,-1,-1
11,92,536.24,153.83,616.23,364.83,1,-1,-1,-1
12,100,518.24,140.29,537.88,190.89,1,-1,-1,-1
12,98,498.74,145.22,521.13,199.46,1,-1,-1,-1
12,93,612.97,145.08,688.94,357.88,1,-1,-1,-1
12,92,542.5,151.96,632.91,367.84,1,-1,-1,-1
13,100,517.21,140.6,537.38,194.81,1,-1,-1,-1
13,98,498.78,144.75,521.56,201.32,1,-1,-1,-1
13,93,625.2,146.19,697.88,359.29,1,-1,-1,-1
13,92,549.43,152.89,643.63,369.02,1,-1,-1,-1
14,98,501.61,144.42,524.74,202.36,1,-1,-1,-1
14,93,637.93,147.17,705.78,358.7,1,-1,-1,-1
14,92,566.05,151.23,657.21,368.33,1,-1,-1,-1
15,101,274.86,147.89,350.71,324.47,1,-1,-1,-1
15,98,503.94,144.65,527.3,203.1,1,-1,-1,-1
15,93,651.19,146.9,717.81,360.34,1,-1,-1,-1
15,92,588.31,151.52,673.11,366.99,1,-1,-1,-1
16,102,541.19,151.99,561.0,199.48,1,-1,-1,-1
16,101,288.04,146.54,361.9,324.84,1,-1,-1,-1
16,98,506.1,144.67,529.83,205.01,1,-1,-1,-1
16,93,660.46,146.2,731.95,364.36,1,-1,-1,-1
16,92,594.54,150.68,677.7,366.65,1,-1,-1,-1
17,104,467.0,142.66,486.16,185.66,1,-1,-1,-1
17,102,540.58,149.88,560.27,198.93,1,-1,-1,-1
17,101,299.32,142.39,372.03,322.34,1,-1,-1,-1
17,98,507.02,144.83,531.17,207.1,1,-1,-1,-1
17,93,670.96,146.16,747.72,366.35,1,-1,-1,-1
17,92,598.95,152.1,687.11,369.03,1,-1,-1,-1
18,104,464.02,141.87,482.87,184.54,1,-1,-1,-1
18,102,544.07,148.01,564.17,197.86,1,-1,-1,-1
18,101,315.41,141.88,393.16,325.53,1,-1,-1,-1
18,98,508.28,144.49,532.23,207.99,1,-1,-1,-1
18,93,679.8,144.56,760.3,367.54,1,-1,-1,-1
18,92,607.15,151.74,699.33,368.92,1,-1,-1,-1
19,104,461.25,142.19,478.39,182.46,1,-1,-1,-1
19,102,543.63,146.66,564.47,197.55,1,-1,-1,-1
19,101,324.79,141.34,410.86,328.87,1,-1,-1,-1
19,98,509.76,143.73,533.91,208.3,1,-1,-1,-1
19,93,695.19,144.82,772.86,367.03,1,-1,-1,-1
19,92,625.28,151.74,716.73,368.38,1,-1,-1,-1
20,107,266.79,169.36,334.08,343.29,1,-1,-1,-1
20,104,458.81,141.98,476.53,184.77,1,-1,-1,-1
20,102,540.39,145.26,562.9,199.81,1,-1,-1,-1
20,101,334.35,142.32,426.02,329.68,1,-1,-1,-1
20,98,510.5,141.89,535.07,208.35,1,-1,-1,-1
20,93,709.97,142.56,782.15,362.49,1,-1,-1,-1
20,92,649.83,150.95,737.16,366.84,1,-1,-1,-1
21,108,1080.29,133.86,1162.11,379.01,1,-1,-1,-1
21,107,277.68,152.87,348.48,337.96,1,-1,-1,-1
21,104,454.85,142.01,472.83,185.93,1,-1,-1,-1
21,102,541.36,145.86,563.48,199.13,1,-1,-1,-1
21,101,346.21,143.66,433.58,328.3,1,-1,-1,-1
21,98,512.39,139.93,536.24,206.44,1,-1,-1,-1
21,93,728.91,142.85,801.59,364.07,1,-1,-1,-1
21,92,669.41,148.06,756.43,366.65,1,-1,-1,-1
22,109,485.31,141.05,502.39,178.25,0,-1,-1,-1
22,108,1030.3,131.29,1133.34,385.45,0,-1,-1,-1
22,107,293.84,149.03,356.75,310.58,0,-1,-1,-1
22,104,450.2,143.14,469.86,191.56,0,-1,-1,-1
22,102,541.48,144.92,564.01,197.8,0,-1,-1,-1
22,101,361.41,151.12,446.78,329.96,0,-1,-1,-1
22,98,515.34,139.83,538.67,205.18,0,-1,-1,-1
22,93,744.92,142.45,820.25,365.9,0,-1,-1,-1
22,92,686.04,148.8,776.34,367.98,0,-1,-1,-1
23,109,487.36,141.01,506.47,179.82,0,-1,-1,-1
23,108,990.09,137.08,1108.86,386.08,0,-1,-1,-1
23,107,301.65,145.99,364.89,308.14,0,-1,-1,-1
23,104,443.49,142.03,466.72,195.39,0,-1,-1,-1
23,102,542.26,145.51,564.03,198.12,0,-1,-1,-1
23,101,378.71,151.28,464.05,328.68,0,-1,-1,-1
23,98,519.22,139.64,541.73,203.59,0,-1,-1,-1
23,93,761.69,142.73,842.16,366.25,0,-1,-1,-1
23,92,699.47,149.71,799.26,369.02,0,-1,-1,-1
24,108,955.43,141.4,1074.66,383.47,1,-1,-1,-1
24,107,313.97,142.58,385.04,324.56,1,-1,-1,-1
24,102,543.38,146.72,563.99,198.32,1,-1,-1,-1
24,101,395.23,152.91,479.18,329.12,1,-1,-1,-1
24,98,520.89,140.78,543.31,204.73,1,-1,-1,-1
24,93,777.43,142.88,856.0,366.99,1,-1,-1,-1
24,92,704.76,148.25,811.39,369.02,1,-1,-1,-1
25,113,502.95,140.1,520.75,176.75,1,-1,-1,-1
25,111,576.59,150.1,595.34,199.49,1,-1,-1,-1
25,108,932.15,143.29,1040.43,376.54,1,-1,-1,-1
25,107,322.43,145.55,396.37,335.42,1,-1,-1,-1
25,102,543.43,148.84,563.24,198.88,1,-1,-1,-1
25,101,400.81,164.23,487.38,333.93,1,-1,-1,-1
25,98,520.94,141.14,543.61,204.71,1,-1,-1,-1
25,93,792.03,142.37,866.54,366.51,1,-1,-1,-1
25,92,718.86,146.15,820.18,367.51,1,-1,-1,-1
26,113,502.18,139.92,521.13,177.53,1,-1,-1,-1
26,111,577.96,150.84,596.55,199.43,1,-1,-1,-1
26,108,911.98,142.94,1013.88,372.89,1,-1,-1,-1
26,107,334.82,148.47,412.36,342.7,1,-1,-1,-1
26,102,544.21,148.79,563.76,199.01,1,-1,-1,-1
26,101,416.31,157.98,501.91,331.13,1,-1,-1,-1
26,98,521.35,142.62,545.25,209.38,1,-1,-1,-1
26,93,807.7,140.31,881.15,366.39,1,-1,-1,-1
26,92,742.98,144.96,838.91,366.41,1,-1,-1,-1
27,113,500.31,139.02,520.1,175.98,1,-1,-1,-1
27,111,579.2,150.74,597.91,199.48,1,-1,-1,-1
27,108,880.85,146.3,994.13,376.42,1,-1,-1,-1
27,107,342.03,145.86,424.15,346.68,1,-1,-1,-1
27,101,433.92,152.5,513.78,328.13,1,-1,-1,-1
27,98,521.78,143.14,546.03,211.77,1,-1,-1,-1
27,93,828.21,139.96,906.49,364.94,1,-1,-1,-1
27,92,755.49,144.55,853.61,366.39,1,-1,-1,-1
28,113,499.52,138.95,520.99,177.33,1,-1,-1,-1
28,111,577.92,146.84,598.63,200.39,1,-1,-1,-1
28,108,864.13,146.17,982.91,374.89,1,-1,-1,-1
28,107,363.02,142.82,438.38,342.27,1,-1,-1,-1
28,101,448.71,149.68,525.01,329.24,1,-1,-1,-1
28,98,523.25,142.88,547.99,213.05,1,-1,-1,-1
28,93,839.08,147.36,917.56,369.37,1,-1,-1,-1
28,92,761.12,146.12,864.26,368.13,1,-1,-1,-1
29,113,493.03,139.77,515.51,180.01,1,-1,-1,-1
29,111,578.41,146.41,599.99,201.61,1,-1,-1,-1
29,108,843.97,144.25,958.31,372.62,1,-1,-1,-1
29,107,373.46,139.94,445.78,341.45,1,-1,-1,-1
29,101,457.61,157.11,544.29,336.85,1,-1,-1,-1
29,98,522.55,141.41,549.01,213.52,1,-1,-1,-1
29,92,770.18,146.94,877.24,369.37,1,-1,-1,-1
30,113,494.79,139.04,519.1,182.1,1,-1,-1,-1
30,111,578.81,147.78,600.95,202.85,1,-1,-1,-1
30,107,379.4,136.99,451.72,345.55,1,-1,-1,-1
30,101,466.92,160.38,558.1,339.1,1,-1,-1,-1
30,98,526.51,141.78,554.27,214.61,1,-1,-1,-1
30,92,796.91,146.3,900.05,367.48,1,-1,-1,-1
31,113,493.56,138.88,517.39,182.57,1,-1,-1,-1
31,111,581.71,147.71,603.36,202.97,1,-1,-1,-1
31,107,390.8,144.89,470.39,352.05,1,-1,-1,-1
31,101,473.9,160.81,568.94,342.54,1,-1,-1,-1
31,92,824.37,147.09,921.8,366.93,1,-1,-1,-1
32,113,493.56,138.76,516.17,182.1,1,-1,-1,-1
32,111,583.22,148.7,604.39,204.37,1,-1,-1,-1
32,107,396.9,140.31,484.28,357.21,1,-1,-1,-1
32,101,492.67,162.41,578.26,342.41,1,-1,-1,-1
32,93,920.26,121.24,1000.73,326.17,1,-1,-1,-1
32,92,851.92,146.33,954.22,367.17,1,-1,-1,-1
33,113,491.87,139.42,512.91,182.39,1,-1,-1,-1
33,111,586.81,148.58,606.65,202.35,1,-1,-1,-1
33,108,743.0,155.69,844.75,364.34,1,-1,-1,-1
33,107,404.86,135.56,490.97,355.55,1,-1,-1,-1
33,101,514.23,157.76,592.6,342.01,1,-1,-1,-1
33,93,939.27,134.37,1019.27,346.27,1,-1,-1,-1
33,92,871.69,145.75,976.19,367.57,1,-1,-1,-1
34,111,588.91,147.92,608.89,197.83,1,-1,-1,-1
34,108,724.31,155.74,813.64,358.97,1,-1,-1,-1
34,107,422.54,140.51,504.9,356.28,1,-1,-1,-1
34,101,531.99,157.85,611.84,346.71,1,-1,-1,-1
34,92,896.84,142.66,1015.87,368.42,1,-1,-1,-1
35,108,697.49,156.06,790.68,357.74,1,-1,-1,-1
35,107,441.32,131.53,524.41,357.0,1,-1,-1,-1
35,101,541.19,154.88,628.28,351.95,1,-1,-1,-1
35,92,926.28,140.91,1055.98,369.43,1,-1,-1,-1
36,108,676.28,159.07,779.7,356.22,1,-1,-1,-1
36,107,457.69,137.96,542.46,363.25,1,-1,-1,-1
36,101,552.22,153.37,643.35,355.69,1,-1,-1,-1
36,98,537.28,143.47,565.47,212.07,1,-1,-1,-1
36,92,949.71,140.72,1086.42,369.3,1,-1,-1,-1
37,108,662.5,159.93,764.97,354.32,1,-1,-1,-1
37,107,465.26,139.79,554.45,365.64,1,-1,-1,-1
37,101,571.24,152.34,659.35,356.82,1,-1,-1,-1
37,98,543.85,143.5,572.16,214.43,1,-1,-1,-1
37,92,969.02,139.16,1108.5,368.5,1,-1,-1,-1
38,108,643.86,159.08,733.18,351.28,1,-1,-1,-1
38,107,473.84,148.99,565.77,370.46,1,-1,-1,-1
38,101,588.76,151.6,672.31,357.85,1,-1,-1,-1
38,98,548.11,144.44,574.66,216.28,1,-1,-1,-1
38,92,992.4,136.99,1135.63,368.47,1,-1,-1,-1
39,108,633.1,161.19,709.78,351.36,1,-1,-1,-1
39,107,488.16,141.84,581.06,367.42,1,-1,-1,-1
39,101,603.98,150.9,692.64,360.43,1,-1,-1,-1
39,92,1018.38,133.34,1167.76,367.06,1,-1,-1,-1
40,107,512.45,133.5,601.98,361.57,1,-1,-1,-1
40,101,606.14,147.05,704.34,362.7,1,-1,-1,-1
40,92,1047.22,133.19,1201.45,367.81,1,-1,-1,-1
41,107,526.63,139.5,613.04,368.1,1,-1,-1,-1
41,101,617.47,147.39,713.87,364.15,1,-1,-1,-1
41,92,1072.68,134.53,1225.36,367.97,1,-1,-1,-1
42,107,545.38,138.25,633.89,369.2,1,-1,-1,-1
42,101,632.25,146.76,723.04,364.54,1,-1,-1,-1
42,92,1095.72,137.5,1239.12,368.55,1,-1,-1,-1
43,125,479.59,140.98,499.94,184.74,1,-1,-1,-1
43,107,553.79,136.52,646.6,369.24,1,-1,-1,-1
43,101,656.96,145.89,742.38,365.21,1,-1,-1,-1
43,92,1119.73,139.55,1247.74,368.69,1,-1,-1,-1
44,126,527.61,140.76,548.99,205.12,1,-1,-1,-1
44,125,476.04,141.32,495.16,184.26,1,-1,-1,-1
44,107,568.1,129.97,659.96,366.96,1,-1,-1,-1
44,101,675.35,144.82,762.0,367.4,1,-1,-1,-1
44,92,1136.21,160.59,1250.11,377.66,1,-1,-1,-1
45,125,474.66,141.13,493.24,183.87,1,-1,-1,-1
45,107,585.73,127.0,676.95,366.8,1,-1,-1,-1
45,101,689.59,146.16,782.38,369.33,1,-1,-1,-1
46,125,473.6,139.14,491.4,181.2,1,-1,-1,-1
46,107,611.61,121.98,699.19,364.56,1,-1,-1,-1
46,101,698.46,145.66,799.36,370.82,1,-1,-1,-1
47,130,483.37,176.18,543.33,321.74,1,-1,-1,-1
47,129,568.87,148.44,597.63,224.58,1,-1,-1,-1
47,107,629.0,120.75,717.68,365.68,1,-1,-1,-1
47,101,718.02,145.23,818.4,370.41,1,-1,-1,-1
48,133,605.76,148.52,627.57,209.89,1,-1,-1,-1
48,130,452.51,170.15,522.21,330.17,1,-1,-1,-1
48,129,572.17,151.09,600.55,226.17,1,-1,-1,-1
48,107,639.6,125.39,735.12,368.59,1,-1,-1,-1
48,101,739.12,143.57,834.81,369.08,1,-1,-1,-1
49,133,608.48,147.95,630.5,210.57,1,-1,-1,-1
49,130,425.58,159.4,509.13,334.64,1,-1,-1,-1
49,129,574.33,148.79,602.74,224.0,1,-1,-1,-1
49,107,649.8,125.74,753.59,370.19,1,-1,-1,-1
49,101,753.12,141.24,846.45,367.96,1,-1,-1,-1
50,135,558.32,144.9,581.98,214.19,1,-1,-1,-1
50,134,530.15,138.04,554.67,210.72,1,-1,-1,-1
50,133,611.81,145.89,633.72,208.75,1,-1,-1,-1
50,130,414.79,162.26,494.44,332.32,1,-1,-1,-1
50,129,576.8,148.12,604.92,223.66,1,-1,-1,-1
50,107,669.0,121.7,773.1,368.52,1,-1,-1,-1
50,101,767.76,140.89,869.2,369.75,1,-1,-1,-1
51,135,559.64,145.26,583.08,212.61,1,-1,-1,-1
51,134,530.2,137.7,554.7,210.12,1,-1,-1,-1
51,133,613.25,146.37,636.24,211.24,1,-1,-1,-1
51,130,401.25,164.04,476.34,325.41,1,-1,-1,-1
51,129,579.21,146.96,606.6,223.23,1,-1,-1,-1
51,107,695.68,119.55,794.55,366.64,1,-1,-1,-1
51,101,780.38,141.36,883.7,370.39,1,-1,-1,-1
52,135,561.88,146.56,585.09,212.16,1,-1,-1,-1
52,134,530.94,137.56,555.59,210.15,1,-1,-1,-1
52,133,613.7,146.58,637.51,212.68,1,-1,-1,-1
52,130,375.91,169.2,448.86,327.19,1,-1,-1,-1
52,129,581.72,146.4,610.43,220.98,1,-1,-1,-1
52,107,713.58,117.8,807.91,364.62,1,-1,-1,-1
52,101,797.63,140.79,900.72,369.6,1,-1,-1,-1
53,138,462.34,142.25,479.56,183.07,1,-1,-1,-1
53,135,563.42,148.66,586.04,211.81,1,-1,-1,-1
53,134,532.55,137.56,556.39,207.9,1,-1,-1,-1
53,133,615.22,147.36,639.21,213.16,1,-1,-1,-1
53,130,351.89,158.32,438.24,329.3,1,-1,-1,-1
53,129,587.3,147.47,615.19,217.87,1,-1,-1,-1
53,107,726.55,120.38,822.27,366.0,1,-1,-1,-1
53,101,826.2,140.31,922.6,368.83,1,-1,-1,-1
54,138,462.51,142.61,479.15,182.2,1,-1,-1,-1
54,135,562.07,149.74,584.56,212.29,1,-1,-1,-1
54,134,533.06,137.03,556.81,207.02,1,-1,-1,-1
54,133,617.79,148.59,640.61,213.39,1,-1,-1,-1
54,130,334.35,158.9,425.63,330.97,1,-1,-1,-1
54,129,588.42,147.43,616.66,221.38,1,-1,-1,-1
54,107,738.47,120.65,840.34,368.0,1,-1,-1,-1
54,101,858.5,139.07,951.68,368.08,1,-1,-1,-1
55,140,535.84,142.04,582.44,216.78,1,-1,-1,-1
55,138,462.58,142.85,478.93,182.34,1,-1,-1,-1
55,135,563.1,149.48,585.35,212.49,1,-1,-1,-1
55,134,532.36,137.99,556.75,211.0,1,-1,-1,-1
55,133,620.0,149.69,641.99,213.07,1,-1,-1,-1
55,130,314.31,157.74,401.65,328.85,1,-1,-1,-1
55,129,588.9,147.69,618.69,225.16,1,-1,-1,-1
55,107,754.36,118.08,861.73,368.37,1,-1,-1,-1
55,101,882.03,138.89,984.38,369.44,1,-1,-1,-1
56,138,461.11,142.15,477.35,181.22,1,-1,-1,-1
56,135,563.9,149.03,585.86,213.26,1,-1,-1,-1
56,134,533.97,135.46,558.31,211.7,1,-1,-1,-1
56,133,622.11,148.78,643.9,212.91,1,-1,-1,-1
56,130,309.06,160.1,386.77,327.4,1,-1,-1,-1
56,129,590.96,147.84,621.94,228.04,1,-1,-1,-1
56,107,776.73,113.78,887.77,368.42,1,-1,-1,-1
56,101,898.87,139.88,1018.47,371.25,1,-1,-1,-1
57,138,459.45,142.01,475.67,181.34,1,-1,-1,-1
57,135,565.88,150.07,587.74,214.63,1,-1,-1,-1
57,134,535.27,135.89,560.39,214.0,1,-1,-1,-1
57,133,624.39,149.53,645.86,214.14,1,-1,-1,-1
57,130,288.4,160.09,366.42,327.36,1,-1,-1,-1
57,129,593.54,149.21,625.0,230.37,1,-1,-1,-1
57,107,812.54,109.58,924.63,367.41,1,-1,-1,-1
57,101,925.14,139.23,1054.12,371.6,1,-1,-1,-1
58,138,459.34,141.26,477.05,183.24,1,-1,-1,-1
58,135,567.04,149.29,589.69,215.52,1,-1,-1,-1
58,134,535.77,136.31,561.9,216.17,1,-1,-1,-1
58,133,626.49,151.66,647.58,216.6,1,-1,-1,-1
58,130,272.91,162.29,354.69,329.17,1,-1,-1,-1
58,129,595.87,149.4,628.65,233.14,1,-1,-1,-1
58,107,840.13,109.48,948.97,368.16,1,-1,-1,-1
58,101,958.89,135.05,1084.37,368.56,1,-1,-1,-1
59,138,459.44,140.96,477.3,183.61,1,-1,-1,-1
59,135,567.36,149.57,590.9,216.84,1,-1,-1,-1
59,134,536.93,136.22,563.23,216.65,1,-1,-1,-1
59,133,630.21,146.63,650.59,209.26,1,-1,-1,-1
59,130,254.99,157.25,331.92,321.92,1,-1,-1,-1
59,129,599.78,146.65,633.06,233.37,1,-1,-1,-1
59,107,858.15,111.43,974.68,370.21,1,-1,-1,-1
59,101,985.06,132.28,1101.71,367.34,1,-1,-1,-1
60,138,460.25,141.59,479.61,186.43,1,-1,-1,-1
60,135,567.83,146.38,593.53,217.88,1,-1,-1,-1
60,134,539.38,135.71,565.65,217.55,1,-1,-1,-1
60,133,633.68,144.56,654.67,203.68,1,-1,-1,-1
60,130,246.09,158.17,315.06,318.7,1,-1,-1,-1
60,129,604.8,144.72,639.07,234.79,1,-1,-1,-1
60,107,894.89,110.7,1008.4,370.23,1,-1,-1,-1
60,101,1012.88,132.25,1128.52,368.14,1,-1,-1,-1
61,138,461.89,141.67,483.12,187.6,1,-1,-1,-1
61,135,569.69,147.6,595.79,219.6,1,-1,-1,-1
61,134,541.24,134.75,567.63,218.21,1,-1,-1,-1
61,130,240.81,162.68,307.66,317.81,1,-1,-1,-1
61,129,607.86,143.51,644.85,237.26,1,-1,-1,-1
61,107,927.79,109.39,1043.45,367.54,1,-1,-1,-1
61,101,1041.29,133.4,1156.49,368.48,1,-1,-1,-1
62,138,459.73,140.92,481.13,187.65,1,-1,-1,-1
62,135,570.79,149.0,595.36,219.4,1,-1,-1,-1
62,134,541.64,133.48,568.53,217.94,1,-1,-1,-1
62,129,611.82,143.92,651.34,240.75,1,-1,-1,-1
62,107,954.6,105.62,1073.18,367.24,1,-1,-1,-1
62,101,1076.85,134.78,1192.01,368.69,1,-1,-1,-1
63,146,422.56,140.75,440.28,174.33,1,-1,-1,-1
63,138,456.04,140.3,477.73,187.49,1,-1,-1,-1
63,135,571.86,147.81,596.18,218.65,1,-1,-1,-1
63,134,542.41,134.35,569.69,219.58,1,-1,-1,-1
63,129,613.65,145.29,655.06,243.61,1,-1,-1,-1
63,107,973.33,104.43,1099.35,367.46,1,-1,-1,-1
63,101,1114.41,131.56,1224.85,365.59,1,-1,-1,-1
64,146,422.88,141.78,440.18,173.95,1,-1,-1,-1
64,138,451.68,140.2,473.99,188.76,1,-1,-1,-1
64,135,573.65,147.41,597.97,218.14,1,-1,-1,-1
64,134,544.65,132.96,570.98,213.9,1,-1,-1,-1
64,129,616.01,145.25,657.24,245.45,1,-1,-1,-1
64,107,993.72,105.86,1129.38,367.9,1,-1,-1,-1
64,101,1146.53,127.69,1242.89,363.46,1,-1,-1,-1
65,146,421.89,141.9,440.07,175.34,1,-1,-1,-1
65,138,449.16,141.08,471.59,191.86,1,-1,-1,-1
65,135,575.42,147.94,600.05,219.95,1,-1,-1,-1
65,134,546.59,133.73,572.22,212.65,1,-1,-1,-1
65,129,622.29,144.47,662.74,246.44,1,-1,-1,-1
65,107,1019.98,107.19,1164.33,368.52,1,-1,-1,-1
66,146,418.0,140.32,436.49,174.26,1,-1,-1,-1
66,138,447.15,141.53,469.43,193.11,1,-1,-1,-1
66,135,576.5,149.28,601.86,221.01,1,-1,-1,-1
66,134,547.75,136.74,573.24,217.17,1,-1,-1,-1
66,129,627.45,143.19,667.54,247.54,1,-1,-1,-1
66,107,1067.06,104.31,1211.23,367.58,1,-1,-1,-1
67,148,513.2,142.09,528.5,174.11,1,-1,-1,-1
67,146,415.85,140.71,434.09,174.35,1,-1,-1,-1
67,138,444.57,141.66,467.35,194.7,1,-1,-1,-1
67,135,577.99,149.25,604.41,221.02,1,-1,-1,-1
67,134,548.58,137.63,573.86,219.32,1,-1,-1,-1
67,129,631.91,143.91,673.05,249.69,1,-1,-1,-1
67,107,1109.46,101.77,1239.06,366.33,1,-1,-1,-1
68,148,511.53,142.36,526.86,174.15,1,-1,-1,-1
68,146,413.47,140.92,432.02,174.87,1,-1,-1,-1
68,138,442.26,139.92,464.87,191.85,1,-1,-1,-1
68,135,579.5,148.79,606.44,221.43,1,-1,-1,-1
68,134,548.73,139.78,574.51,223.08,1,-1,-1,-1
68,129,634.98,144.19,676.06,251.2,1,-1,-1,-1
69,148,510.58,142.75,526.17,174.26,1,-1,-1,-1
69,146,412.53,141.03,430.94,175.66,1,-1,-1,-1
69,138,439.45,139.79,461.86,192.08,1,-1,-1,-1
69,135,581.34,148.85,608.72,222.47,1,-1,-1,-1
69,134,549.6,140.94,575.56,223.8,1,-1,-1,-1
69,129,640.05,143.64,681.3,252.24,1,-1,-1,-1
70,148,509.74,143.04,525.34,174.74,1,-1,-1,-1
70,146,410.82,140.76,429.42,175.52,1,-1,-1,-1
70,138,437.63,137.63,459.41,187.68,1,-1,-1,-1
70,135,584.19,146.28,611.74,221.73,1,-1,-1,-1
70,134,549.97,140.02,576.52,224.14,1,-1,-1,-1
70,129,644.79,142.38,686.04,252.65,1,-1,-1,-1
71,148,508.32,142.88,522.94,173.68,1,-1,-1,-1
71,146,409.96,141.02,429.03,176.67,1,-1,-1,-1
71,138,435.11,139.63,457.6,190.31,1,-1,-1,-1
71,135,587.49,144.76,616.14,222.67,1,-1,-1,-1
71,134,550.39,136.95,577.78,224.18,1,-1,-1,-1
71,129,649.49,143.06,692.15,254.94,1,-1,-1,-1
72,148,507.12,142.96,521.34,174.09,1,-1,-1,-1
72,138,434.38,139.4,455.98,189.91,1,-1,-1,-1
72,135,589.48,144.53,618.67,223.37,1,-1,-1,-1
72,134,550.42,134.36,578.21,224.21,1,-1,-1,-1
72,129,654.67,144.31,699.21,257.82,1,-1,-1,-1
73,148,505.44,142.93,519.64,174.56,1,-1,-1,-1
73,135,592.88,146.55,621.42,225.18,1,-1,-1,-1
73,134,550.99,135.68,579.27,227.34,1,-1,-1,-1
73,129,660.22,145.66,705.42,261.93,1,-1,-1,-1
74,148,503.16,142.96,517.72,174.72,1,-1,-1,-1
74,135,595.91,146.64,624.23,225.97,1,-1,-1,-1
74,134,551.86,135.28,580.35,228.65,1,-1,-1,-1
74,129,665.56,144.98,711.97,262.27,1,-1,-1,-1
75,148,501.3,143.5,516.23,175.06,1,-1,-1,-1
75,135,599.16,145.4,628.67,225.87,1,-1,-1,-1
75,134,553.36,135.03,581.71,230.07,1,-1,-1,-1
75,129,673.83,144.3,719.17,262.77,1,-1,-1,-1
76,135,601.09,145.54,632.69,226.9,1,-1,-1,-1
76,134,551.28,133.43,581.17,231.19,1,-1,-1,-1
76,129,680.92,144.91,727.63,264.64,1,-1,-1,-1
77,135,603.39,145.76,637.15,227.79,1,-1,-1,-1
77,134,552.79,131.75,582.88,231.62,1,-1,-1,-1
77,129,686.46,145.93,734.92,266.66,1,-1,-1,-1
78,154,424.39,138.23,443.01,184.4,1,-1,-1,-1
78,151,667.61,146.46,695.43,230.41,1,-1,-1,-1
78,135,606.11,147.27,640.82,228.89,1,-1,-1,-1
78,134,554.26,131.97,584.31,232.97,1,-1,-1,-1
78,129,689.41,146.62,739.16,269.43,1,-1,-1,-1
79,154,423.21,138.76,442.23,186.0,1,-1,-1,-1
79,151,670.11,144.44,699.26,228.72,1,-1,-1,-1
79,148,494.14,143.95,510.39,177.91,1,-1,-1,-1
79,135,608.27,147.18,642.71,229.1,1,-1,-1,-1
79,134,555.9,132.81,586.1,233.71,1,-1,-1,-1
79,129,698.17,146.08,746.87,270.96,1,-1,-1,-1
80,154,421.83,138.38,441.57,187.8,1,-1,-1,-1
80,151,670.99,145.41,701.73,229.22,1,-1,-1,-1
80,135,608.87,146.57,643.86,229.45,1,-1,-1,-1
80,134,556.91,133.99,587.41,235.56,1,-1,-1,-1
80,129,706.33,143.92,754.39,272.07,1,-1,-1,-1
81,154,419.78,136.97,440.15,185.21,1,-1,-1,-1
81,151,672.15,147.34,704.07,229.97,1,-1,-1,-1
81,135,611.01,147.5,646.94,231.51,1,-1,-1,-1
81,134,557.2,132.22,589.08,235.21,1,-1,-1,-1
81,129,712.75,143.79,762.61,273.85,1,-1,-1,-1
82,154,417.44,136.19,438.26,183.71,1,-1,-1,-1
82,151,675.14,148.04,707.25,230.19,1,-1,-1,-1
82,135,614.62,148.05,650.62,232.48,1,-1,-1,-1
82,134,558.86,131.18,592.34,235.39,1,-1,-1,-1
82,129,717.42,147.01,769.06,280.37,1,-1,-1,-1
83,155,509.27,146.12,523.46,177.46,1,-1,-1,-1
83,154,416.03,137.44,436.59,183.72,1,-1,-1,-1
83,151,677.29,147.65,710.42,230.87,1,-1,-1,-1
83,148,485.17,143.66,501.37,177.46,1,-1,-1,-1
83,135,616.08,146.02,653.02,232.46,1,-1,-1,-1
83,134,560.58,130.32,594.53,234.91,1,-1,-1,-1
83,129,724.97,148.49,777.82,284.36,1,-1,-1,-1
84,155,507.98,146.33,522.14,178.37,1,-1,-1,-1
84,151,679.98,148.24,713.55,232.43,1,-1,-1,-1
84,148,482.52,143.25,499.23,177.62,1,-1,-1,-1
84,135,620.16,147.04,656.83,234.35,1,-1,-1,-1
84,134,559.42,129.2,595.45,237.92,1,-1,-1,-1
84,129,732.52,148.29,786.69,286.99,1,-1,-1,-1
85,155,503.44,146.11,518.4,178.99,1,-1,-1,-1
85,151,682.26,149.36,717.03,234.54,1,-1,-1,-1
85,148,479.88,142.8,497.77,177.88,1,-1,-1,-1
85,135,622.66,147.83,659.78,235.77,1,-1,-1,-1
85,134,557.48,129.71,596.35,239.67,1,-1,-1,-1
85,129,742.56,147.25,795.89,288.4,1,-1,-1,-1
86,155,501.57,145.41,516.14,177.44,1,-1,-1,-1
86,151,683.42,150.33,719.05,236.18,1,-1,-1,-1
86,148,478.79,142.03,496.79,177.97,1,-1,-1,-1
86,135,625.63,147.54,663.74,237.2,1,-1,-1,-1
86,134,559.6,129.81,599.01,242.76,1,-1,-1,-1
86,129,750.36,148.97,806.23,291.61,1,-1,-1,-1
87,155,499.45,146.25,513.9,178.83,1,-1,-1,-1
87,151,684.74,150.07,721.38,236.87,1,-1,-1,-1
87,148,476.58,141.7,494.74,178.23,1,-1,-1,-1
87,135,627.67,148.08,666.76,239.53,1,-1,-1,-1
87,134,565.75,128.11,603.77,242.64,1,-1,-1,-1
87,129,753.42,150.18,812.16,295.64,1,-1,-1,-1
88,151,688.41,148.92,725.34,237.18,1,-1,-1,-1
88,148,474.92,140.87,492.98,178.11,1,-1,-1,-1
88,135,628.68,147.51,668.15,240.31,1,-1,-1,-1
88,134,569.86,125.91,607.12,242.43,1,-1,-1,-1
88,129,755.45,149.98,817.36,297.71,1,-1,-1,-1
89,151,694.65,148.65,732.64,236.95,1,-1,-1,-1
89,148,473.74,141.59,491.25,178.77,1,-1,-1,-1
89,135,631.54,146.23,671.26,239.66,1,-1,-1,-1
89,134,572.94,125.18,609.93,243.12,1,-1,-1,-1
89,129,770.01,149.79,827.91,298.91,1,-1,-1,-1
90,151,698.49,149.78,736.91,237.99,1,-1,-1,-1
90,148,470.79,142.77,487.87,180.19,1,-1,-1,-1
90,135,632.6,146.16,672.99,241.91,1,-1,-1,-1
90,134,576.42,127.43,613.62,245.82,1,-1,-1,-1
90,129,781.93,149.25,838.27,300.66,1,-1,-1,-1
91,151,702.3,151.03,739.56,239.01,1,-1,-1,-1
91,148,468.01,142.76,484.78,180.05,1,-1,-1,-1
91,135,633.78,146.78,673.88,242.4,1,-1,-1,-1
91,134,579.28,128.28,616.67,246.37,1,-1,-1,-1
91,129,790.67,151.86,849.83,305.95,1,-1,-1,-1
92,151,706.38,149.18,743.06,237.55,1,-1,-1,-1
92,148,465.68,142.86,482.36,179.88,1,-1,-1,-1
92,135,634.9,148.12,675.01,245.18,1,-1,-1,-1
92,134,582.44,130.18,620.09,248.42,1,-1,-1,-1
92,129,797.89,153.78,860.85,314.19,1,-1,-1,-1
93,151,710.65,149.97,746.66,239.83,1,-1,-1,-1
93,148,463.83,142.54,480.71,178.97,1,-1,-1,-1
93,135,635.74,148.02,676.96,247.04,1,-1,-1,-1
93,134,585.28,129.7,622.89,249.13,1,-1,-1,-1
93,129,809.63,153.6,874.23,317.5,1,-1,-1,-1
94,151,713.9,151.78,750.49,242.18,1,-1,-1,-1
94,148,461.84,142.2,478.51,177.95,1,-1,-1,-1
94,135,637.51,145.91,678.51,247.04,1,-1,-1,-1
94,134,587.93,130.65,625.65,252.14,1,-1,-1,-1
94,129,826.17,152.33,889.07,318.74,1,-1,-1,-1
95,151,717.44,152.31,753.99,243.99,1,-1,-1,-1
95,148,460.08,143.66,476.45,179.53,1,-1,-1,-1
95,135,640.37,146.15,682.02,247.81,1,-1,-1,-1
95,134,588.69,131.58,627.7,253.92,1,-1,-1,-1
95,129,838.33,152.74,902.76,322.99,1,-1,-1,-1
96,151,723.43,151.17,758.87,244.05,1,-1,-1,-1
96,148,455.41,144.29,473.15,181.17,1,-1,-1,-1
96,135,642.0,147.99,684.01,250.54,1,-1,-1,-1
96,134,589.97,132.73,630.41,256.92,1,-1,-1,-1
96,129,849.5,153.63,923.26,328.32,1,-1,-1,-1
97,151,726.95,150.43,763.06,244.8,1,-1,-1,-1
97,148,452.53,144.27,470.79,181.75,1,-1,-1,-1
97,135,644.5,149.77,687.42,253.28,1,-1,-1,-1
97,134,591.22,132.42,633.26,258.74,1,-1,-1,-1
97,129,854.65,154.66,936.3,334.71,1,-1,-1,-1
98,163,476.87,146.3,492.21,183.51,1,-1,-1,-1
98,151,732.59,148.59,769.46,241.46,1,-1,-1,-1
98,148,450.79,144.98,468.76,183.35,1,-1,-1,-1
98,135,646.44,150.39,689.5,255.69,1,-1,-1,-1
98,134,596.19,132.83,637.93,261.03,1,-1,-1,-1
98,129,863.54,153.53,945.97,338.9,1,-1,-1,-1
99,164,547.02,145.81,563.81,183.12,1,-1,-1,-1
99,163,473.97,146.38,489.79,183.76,1,-1,-1,-1
99,151,737.54,150.43,776.69,244.69,1,-1,-1,-1
99,148,450.22,143.49,467.47,182.38,1,-1,-1,-1
99,135,648.27,149.18,692.12,257.0,1,-1,-1,-1
99,134,601.74,131.04,642.48,260.13,1,-1,-1,-1
99,129,886.84,151.77,963.17,339.11,1,-1,-1,-1
100,164,546.02,143.07,564.18,182.48,1,-1,-1,-1
100,163,470.09,145.24,486.74,183.77,1,-1,-1,-1
100,151,740.64,151.9,781.68,247.57,1,-1,-1,-1
100,148,448.17,142.64,465.75,182.08,1,-1,-1,-1
100,135,651.8,148.34,696.71,258.88,1,-1,-1,-1
100,134,605.67,130.04,647.11,261.72,1,-1,-1,-1
100,129,905.12,153.54,978.86,346.18,1,-1,-1,-1
101,163,465.69,143.91,482.59,183.42,1,-1,-1,-1
101,151,744.49,152.13,785.63,247.99,1,-1,-1,-1
101,148,444.2,143.15,462.48,182.51,1,-1,-1,-1
101,135,653.29,149.43,698.25,263.04,1,-1,-1,-1
101,134,608.98,131.57,650.78,264.27,1,-1,-1,-1
101,129,919.27,154.3,1001.97,352.46,1,-1,-1,-1
102,163,463.69,143.2,480.1,182.5,1,-1,-1,-1
102,151,749.82,152.37,789.93,249.33,1,-1,-1,-1
102,148,441.86,143.24,459.9,182.37,1,-1,-1,-1
102,135,656.65,149.72,702.33,265.04,1,-1,-1,-1
102,134,611.47,130.64,654.29,264.51,1,-1,-1,-1
102,129,930.24,154.47,1019.63,358.34,1,-1,-1,-1
103,166,371.03,142.33,391.93,177.33,1,-1,-1,-1
103,163,461.51,143.05,478.05,184.33,1,-1,-1,-1
103,151,753.41,151.67,794.19,250.61,1,-1,-1,-1
103,148,438.44,143.22,456.21,182.79,1,-1,-1,-1
103,135,660.37,149.35,706.35,265.43,1,-1,-1,-1
103,134,613.4,130.3,657.69,264.57,1,-1,-1,-1
103,129,949.87,154.95,1039.62,361.48,1,-1,-1,-1
104,163,461.01,143.71,478.62,186.28,1,-1,-1,-1
104,151,757.57,152.08,799.37,253.14,1,-1,-1,-1
104,148,436.24,143.89,454.35,183.61,1,-1,-1,-1
104,135,665.04,149.09,712.01,267.61,1,-1,-1,-1
104,134,606.48,130.65,657.77,268.99,1,-1,-1,-1
104,129,976.68,151.02,1062.5,362.27,1,-1,-1,-1
105,163,462.52,143.4,480.19,186.11,1,-1,-1,-1
105,151,763.44,151.5,804.6,253.68,1,-1,-1,-1
105,148,434.63,142.51,452.08,181.03,1,-1,-1,-1
105,135,668.86,150.39,717.19,272.69,1,-1,-1,-1
105,134,598.56,128.83,658.56,271.91,1,-1,-1,-1
105,129,994.86,149.23,1086.28,364.98,1,-1,-1,-1
106,163,457.98,144.27,474.57,186.88,1,-1,-1,-1
106,151,768.72,151.06,809.41,255.69,1,-1,-1,-1
106,148,432.36,142.7,449.62,180.46,1,-1,-1,-1
106,135,672.43,151.61,723.17,276.3,1,-1,-1,-1
106,134,593.24,128.28,661.43,275.62,1,-1,-1,-1
106,129,1008.88,151.2,1114.96,367.87,1,-1,-1,-1
107,163,455.32,145.57,471.28,186.64,1,-1,-1,-1
107,151,775.35,150.7,816.4,255.76,1,-1,-1,-1
107,148,430.18,141.99,447.7,178.16,1,-1,-1,-1
107,135,675.44,151.62,727.0,276.98,1,-1,-1,-1
107,134,592.81,128.95,665.46,279.09,1,-1,-1,-1
107,129,1019.25,150.6,1134.14,369.6,1,-1,-1,-1
108,151,781.53,151.4,823.97,259.23,1,-1,-1,-1
108,148,427.7,141.52,444.91,176.45,1,-1,-1,-1
108,135,678.14,150.85,729.61,277.25,1,-1,-1,-1
108,134,593.99,128.48,668.35,281.12,1,-1,-1,-1
108,129,1041.06,147.81,1155.82,369.01,1,-1,-1,-1
109,151,785.64,153.4,830.54,263.96,1,-1,-1,-1
109,148,425.17,141.38,442.28,176.09,1,-1,-1,-1
109,135,682.97,149.43,737.37,278.55,1,-1,-1,-1
109,134,603.89,128.14,675.6,281.65,1,-1,-1,-1
109,129,1078.06,143.91,1182.49,367.0,1,-1,-1,-1
110,151,791.29,154.08,836.97,265.58,1,-1,-1,-1
110,148,424.08,141.79,441.07,176.32,1,-1,-1,-1
110,135,686.74,151.85,742.18,283.23,1,-1,-1,-1
110,134,616.64,131.3,681.46,285.6,1,-1,-1,-1
110,129,1109.49,143.03,1208.64,367.88,1,-1,-1,-1
111,163,441.06,144.62,458.58,187.54,1,-1,-1,-1
111,151,797.46,152.9,842.11,263.38,1,-1,-1,-1
111,135,690.79,153.63,746.8,288.65,1,-1,-1,-1
111,134,625.35,132.75,685.04,288.44,1,-1,-1,-1
111,129,1127.54,143.49,1226.04,369.37,1,-1,-1,-1
112,163,438.13,144.36,455.98,186.44,1,-1,-1,-1
112,151,803.09,152.82,846.86,264.5,1,-1,-1,-1
112,135,695.65,154.66,754.63,291.73,1,-1,-1,-1
112,134,632.27,135.02,688.59,291.8,1,-1,-1,-1
112,129,1141.2,162.98,1235.06,378.51,1,-1,-1,-1
113,163,434.82,144.51,453.31,184.91,1,-1,-1,-1
113,151,808.14,152.44,854.99,267.59,1,-1,-1,-1
113,135,700.26,153.63,759.64,292.33,1,-1,-1,-1
113,134,636.42,135.71,690.91,292.89,1,-1,-1,-1
114,151,812.48,153.59,862.28,271.65,1,-1,-1,-1
114,135,706.22,153.67,766.96,295.66,1,-1,-1,-1
114,134,641.6,134.22,694.91,294.07,1,-1,-1,-1
115,151,821.62,153.5,869.39,272.38,1,-1,-1,-1
115,135,711.51,156.4,774.01,299.4,1,-1,-1,-1
115,134,643.35,134.36,696.82,298.14,1,-1,-1,-1
116,169,410.49,141.29,428.22,176.76,1,-1,-1,-1
116,168,499.86,142.1,515.2,178.69,1,-1,-1,-1
116,151,829.16,152.53,876.93,272.84,1,-1,-1,-1
116,135,716.34,157.3,782.48,300.44,1,-1,-1,-1
116,134,639.15,134.48,697.14,301.47,1,-1,-1,-1
117,169,409.35,141.49,426.3,175.87,1,-1,-1,-1
117,168,502.64,143.3,517.57,180.73,1,-1,-1,-1
117,163,426.97,142.53,444.24,180.66,1,-1,-1,-1
117,151,835.65,153.46,886.0,274.52,1,-1,-1,-1
117,135,721.51,158.1,789.0,302.02,1,-1,-1,-1
117,134,638.15,136.1,700.69,307.66,1,-1,-1,-1
118,169,406.69,142.92,423.68,177.45,1,-1,-1,-1
118,168,505.29,143.83,520.61,181.18,1,-1,-1,-1
118,163,424.21,142.65,442.13,180.01,1,-1,-1,-1
118,151,842.35,155.76,895.99,279.13,1,-1,-1,-1
118,135,724.55,161.03,793.62,307.87,1,-1,-1,-1
118,134,644.0,138.11,707.65,314.33,1,-1,-1,-1
119,169,403.5,142.98,421.71,179.25,1,-1,-1,-1
119,168,508.57,143.91,523.8,180.86,1,-1,-1,-1
119,163,422.18,143.03,440.94,180.43,1,-1,-1,-1
119,151,849.58,156.15,905.88,282.68,1,-1,-1,-1
119,135,726.81,162.03,795.86,310.02,1,-1,-1,-1
119,134,653.78,137.85,715.48,315.59,1,-1,-1,-1
120,171,553.5,145.43,568.78,181.77,1,-1,-1,-1
120,169,402.26,142.5,420.8,178.32,1,-1,-1,-1
120,168,510.73,143.63,526.24,181.11,1,-1,-1,-1
120,163,420.32,143.08,439.81,179.62,1,-1,-1,-1
120,151,858.04,156.08,915.43,284.55,1,-1,-1,-1
120,135,729.97,165.14,797.85,317.41,1,-1,-1,-1
120,134,665.22,134.37,723.95,314.42,1,-1,-1,-1
121,171,553.62,144.2,570.23,182.03,1,-1,-1,-1
121,168,514.01,143.29,528.89,180.2,1,-1,-1,-1
121,163,416.34,143.19,436.55,179.8,1,-1,-1,-1
121,151,869.3,154.4,924.08,283.74,1,-1,-1,-1
121,135,733.51,167.09,802.4,323.12,1,-1,-1,-1
121,134,672.96,136.92,731.16,320.39,1,-1,-1,-1
122,171,553.83,142.8,572.6,182.69,1,-1,-1,-1
122,168,517.07,141.49,531.47,178.39,1,-1,-1,-1
122,163,415.14,143.11,434.7,179.73,1,-1,-1,-1
122,151,879.03,153.32,933.43,285.24,1,-1,-1,-1
122,135,738.16,167.62,804.73,326.95,1,-1,-1,-1
122,134,679.45,139.15,740.02,327.5,1,-1,-1,-1
123,171,553.96,142.61,573.85,182.96,1,-1,-1,-1
123,163,414.09,143.09,432.61,180.31,1,-1,-1,-1
123,151,890.07,155.94,948.62,289.28,1,-1,-1,-1
123,135,744.58,166.08,810.96,331.41,1,-1,-1,-1
123,134,680.88,140.08,743.55,331.4,1,-1,-1,-1
124,171,554.19,143.01,574.8,183.56,1,-1,-1,-1
124,163,409.34,143.98,428.09,181.44,1,-1,-1,-1
124,151,896.29,157.3,955.79,292.05,1,-1,-1,-1
124,135,751.72,165.21,818.88,332.51,1,-1,-1,-1
124,134,686.61,139.6,751.44,335.07,1,-1,-1,-1
125,171,554.52,143.17,575.51,183.44,1,-1,-1,-1
125,151,906.33,157.24,965.32,294.9,1,-1,-1,-1
125,135,754.08,165.51,826.76,339.49,1,-1,-1,-1
125,134,694.82,136.99,758.92,335.71,1,-1,-1,-1
126,171,554.59,143.13,575.84,183.21,1,-1,-1,-1
126,151,922.23,155.66,981.27,294.71,1,-1,-1,-1
126,135,758.92,167.75,835.15,345.12,1,-1,-1,-1
126,134,693.57,136.33,762.46,340.04,1,-1,-1,-1
127,151,936.28,158.39,998.0,298.61,1,-1,-1,-1
127,135,775.3,165.04,853.47,346.65,1,-1,-1,-1
127,134,694.25,139.19,768.65,348.17,1,-1,-1,-1
128,151,946.25,161.33,1012.29,304.31,1,-1,-1,-1
128,135,783.34,165.77,858.85,350.73,1,-1,-1,-1
128,134,700.39,140.59,777.94,354.43,1,-1,-1,-1
129,151,959.83,161.59,1026.5,305.93,1,-1,-1,-1
129,135,790.32,168.13,865.01,358.87,1,-1,-1,-1
129,134,706.26,138.21,787.2,358.4,1,-1,-1,-1
130,151,970.16,158.32,1034.67,303.45,1,-1,-1,-1
130,135,799.6,167.81,876.38,361.88,1,-1,-1,-1
130,134,721.15,136.09,799.03,361.21,1,-1,-1,-1
131,151,981.25,159.02,1046.74,308.3,1,-1,-1,-1
131,135,808.27,168.44,885.21,364.81,1,-1,-1,-1
131,134,733.92,133.61,809.58,362.83,1,-1,-1,-1
132,151,995.34,161.07,1068.92,313.04,1,-1,-1,-1
132,135,820.39,165.84,896.74,365.6,1,-1,-1,-1
132,134,744.44,134.9,820.85,366.12,1,-1,-1,-1
133,151,1005.73,161.22,1082.65,317.6,1,-1,-1,-1
133,135,832.6,166.5,914.03,367.72,1,-1,-1,-1
133,134,752.48,133.42,831.3,367.47,1,-1,-1,-1
134,151,1019.22,162.34,1093.19,321.35,1,-1,-1,-1
134,135,837.52,166.6,926.32,369.49,1,-1,-1,-1
134,134,758.64,130.18,839.14,367.29,1,-1,-1,-1
135,151,1035.03,159.59,1108.71,321.87,1,-1,-1,-1
135,135,846.44,167.02,940.74,370.8,1,-1,-1,-1
135,134,769.84,125.16,850.02,366.49,1,-1,-1,-1
136,151,1051.46,163.9,1130.18,332.12,1,-1,-1,-1
136,135,864.74,164.06,957.09,368.39,1,-1,-1,-1
136,134,780.81,120.43,860.66,365.07,1,-1,-1,-1
137,173,554.05,142.16,576.19,182.69,1,-1,-1,-1
137,151,1070.21,165.13,1153.21,339.45,1,-1,-1,-1
137,135,887.97,163.23,979.42,368.29,1,-1,-1,-1
137,134,780.95,120.9,868.08,366.73,1,-1,-1,-1
138,173,554.4,143.2,575.13,182.53,1,-1,-1,-1
138,151,1086.27,164.66,1171.12,342.56,1,-1,-1,-1
138,135,904.66,161.48,997.24,368.42,1,-1,-1,-1
138,134,781.17,122.09,877.59,368.91,1,-1,-1,-1
139,151,1103.27,162.17,1186.21,340.08,1,-1,-1,-1
139,135,917.24,162.17,1015.37,369.3,1,-1,-1,-1
139,134,783.97,121.82,890.07,370.31,1,-1,-1,-1
140,151,1121.92,160.25,1204.2,338.84,1,-1,-1,-1
140,135,936.48,161.92,1043.76,369.75,1,-1,-1,-1
140,134,792.27,116.86,905.39,367.82,1,-1,-1,-1
141,151,1137.1,160.97,1220.98,339.76,1,-1,-1,-1
141,135,958.25,160.01,1066.36,369.17,1,-1,-1,-1
141,134,815.96,111.73,926.76,365.31,1,-1,-1,-1
142,151,1143.89,163.53,1228.16,346.95,1,-1,-1,-1
142,135,984.16,160.27,1090.87,369.47,1,-1,-1,-1
142,134,841.14,110.07,946.79,366.07,1,-1,-1,-1
143,151,1164.49,177.0,1237.76,358.07,1,-1,-1,-1
143,135,1002.64,161.2,1112.51,369.64,1,-1,-1,-1
143,134,860.12,109.69,963.38,367.11,1,-1,-1,-1
144,151,1176.02,183.07,1240.04,358.43,1,-1,-1,-1
144,135,1025.15,160.82,1140.44,369.22,1,-1,-1,-1
144,134,881.91,111.62,987.73,368.21,1,-1,-1,-1
145,135,1066.37,161.42,1189.6,369.52,1,-1,-1,-1
145,134,905.67,107.55,1012.53,367.57,1,-1,-1,-1
1,182,535.89,142.52,559.76,189.88,1,-1,-1,-1
1,181,547.61,143.43,569.38,189.87,1,-1,-1,-1
1,180,562.96,142.26,581.48,188.68,1,-1,-1,-1
1,179,474.85,145.29,545.17,327.6,1,-1,-1,-1
1,178,386.59,149.71,487.73,354.38,1,-1,-1,-1
2,180,561.05,142.99,578.95,188.02,1,-1,-1,-1
2,179,501.31,150.14,554.64,322.66,1,-1,-1,-1
2,178,392.87,150.85,496.24,355.4,1,-1,-1,-1
3,181,552.64,143.15,572.58,187.98,1,-1,-1,-1
3,179,510.49,145.68,569.53,328.64,1,-1,-1,-1
3,178,410.89,155.12,501.27,350.51,1,-1,-1,-1
4,179,515.93,141.39,580.32,339.3,1,-1,-1,-1
4,178,438.95,160.37,510.61,340.39,1,-1,-1,-1
5,179,526.22,137.25,598.6,346.72,1,-1,-1,-1
5,178,454.13,162.75,521.9,345.7,1,-1,-1,-1
6,179,531.92,139.28,610.59,352.81,1,-1,-1,-1
6,178,463.74,154.32,538.62,352.39,1,-1,-1,-1
7,179,536.89,141.06,617.78,354.88,1,-1,-1,-1
7,178,470.87,155.73,547.86,357.28,1,-1,-1,-1
8,179,555.24,142.57,627.04,349.45,1,-1,-1,-1
8,178,483.92,158.43,560.14,361.06,1,-1,-1,-1
9,179,570.71,142.54,638.11,347.29,1,-1,-1,-1
9,178,504.15,161.52,573.57,360.15,1,-1,-1,-1
10,184,496.07,145.43,519.35,196.03,1,-1,-1,-1
10,179,583.36,143.89,654.72,352.71,1,-1,-1,-1
10,178,521.61,158.43,591.05,360.72,1,-1,-1,-1
11,184,497.41,145.35,520.51,198.93,1,-1,-1,-1
11,179,598.19,143.21,671.19,352.65,1,-1,-1,-1
11,178,536.24,153.83,616.23,364.83,1,-1,-1,-1
12,186,518.24,140.29,537.88,190.89,1,-1,-1,-1
12,184,498.74,145.22,521.13,199.46,1,-1,-1,-1
12,179,612.97,145.08,688.94,357.88,1,-1,-1,-1
12,178,542.5,151.96,632.91,367.84,1,-1,-1,-1
13,186,517.21,140.6,537.38,194.81,1,-1,-1,-1
13,184,498.78,144.75,521.56,201.32,1,-1,-1,-1
13,179,625.2,146.19,697.88,359.29,1,-1,-1,-1
13,178,549.43,152.89,643.63,369.02,1,-1,-1,-1
14,184,501.61,144.42,524.74,202.36,1,-1,-1,-1
14,179,637.93,147.17,705.78,358.7,1,-1,-1,-1
14,178,566.05,151.23,657.21,368.33,1,-1,-1,-1
15,187,274.86,147.89,350.71,324.47,1,-1,-1,-1
15,184,503.94,144.65,527.3,203.1,1,-1,-1,-1
15,179,651.19,146.9,717.81,360.34,1,-1,-1,-1
15,178,588.31,151.52,673.11,366.99,1,-1,-1,-1
16,188,541.19,151.99,561.0,199.48,1,-1,-1,-1
16,187,288.04,146.54,361.9,324.84,1,-1,-1,-1
16,184,506.1,144.67,529.83,205.01,1,-1,-1,-1
16,179,660.46,146.2,731.95,364.36,1,-1,-1,-1
16,178,594.54,150.68,677.7,366.65,1,-1,-1,-1
17,190,467.0,142.66,486.16,185.66,1,-1,-1,-1
17,188,540.58,149.88,560.27,198.93,1,-1,-1,-1
17,187,299.32,142.39,372.03,322.34,1,-1,-1,-1
17,184,507.02,144.83,531.17,207.1,1,-1,-1,-1
17,179,670.96,146.16,747.72,366.35,1,-1,-1,-1
17,178,598.95,152.1,687.11,369.03,1,-1,-1,-1
18,190,464.02,141.87,482.87,184.54,1,-1,-1,-1
18,188,544.07,148.01,564.17,197.86,1,-1,-1,-1
18,187,315.41,141.88,393.16,325.53,1,-1,-1,-1
18,184,508.28,144.49,532.23,207.99,1,-1,-1,-1
18,179,679.8,144.56,760.3,367.54,1,-1,-1,-1
18,178,607.15,151.74,699.33,368.92,1,-1,-1,-1
19,190,461.25,142.19,478.39,182.46,1,-1,-1,-1
19,188,543.63,146.66,564.47,197.55,1,-1,-1,-1
19,187,324.79,141.34,410.86,328.87,1,-1,-1,-1
19,184,509.76,143.73,533.91,208.3,1,-1,-1,-1
19,179,695.19,144.82,772.86,367.03,1,-1,-1,-1
19,178,625.28,151.74,716.73,368.38,1,-1,-1,-1
20,193,266.79,169.36,334.08,343.29,1,-1,-1,-1
20,190,458.81,141.98,476.53,184.77,1,-1,-1,-1
20,188,540.39,145.26,562.9,199.81,1,-1,-1,-1
20,187,334.35,142.32,426.02,329.68,1,-1,-1,-1
20,184,510.5,141.89,535.07,208.35,1,-1,-1,-1
20,179,709.97,142.56,782.15,362.49,1,-1,-1,-1
20,178,649.83,150.95,737.16,366.84,1,-1,-1,-1
21,194,1080.29,133.86,1162.11,379.01,1,-1,-1,-1
21,193,277.68,152.87,348.48,337.96,1,-1,-1,-1
21,190,454.85,142.01,472.83,185.93,1,-1,-1,-1
21,188,541.36,145.86,563.48,199.13,1,-1,-1,-1
21,187,346.21,143.66,433.58,328.3,1,-1,-1,-1
21,184,512.39,139.93,536.24,206.44,1,-1,-1,-1
21,179,728.91,142.85,801.59,364.07,1,-1,-1,-1
21,178,669.41,148.06,756.43,366.65,1,-1,-1,-1
22,195,485.31,141.05,502.39,178.25,0,-1,-1,-1
22,194,1030.3,131.29,1133.34,385.45,0,-1,-1,-1
22,193,293.84,149.03,356.75,310.58,0,-1,-1,-1
22,190,450.2,143.14,469.86,191.56,0,-1,-1,-1
22,188,541.48,144.92,564.01,197.8,0,-1,-1,-1
22,187,361.41,151.12,446.78,329.96,0,-1,-1,-1
22,184,515.34,139.83,538.67,205.18,0,-1,-1,-1
22,179,744.92,142.45,820.25,365.9,0,-1,-1,-1
22,178,686.04,148.8,776.34,367.98,0,-1,-1,-1
23,195,487.36,141.01,506.47,179.82,0,-1,-1,-1
23,194,990.09,137.08,1108.86,386.08,0,-1,-1,-1
23,193,301.65,145.99,364.89,308.14,0,-1,-1,-1
23,190,443.49,142.03,466.72,195.39,0,-1,-1,-1
23,188,542.26,145.51,564.03,198.12,0,-1,-1,-1
23,187,378.71,151.28,464.05,328.68,0,-1,-1,-1
23,184,519.22,139.64,541.73,203.59,0,-1,-1,-1
23,179,761.69,142.73,842.16,366.25,0,-1,-1,-1
23,178,699.47,149.71,799.26,369.02,0,-1,-1,-1
24,194,955.43,141.4,1074.66,383.47,1,-1,-1,-1
24,193,313.97,142.58,385.04,324.56,1,-1,-1,-1
24,188,543.38,146.72,563.99,198.32,1,-1,-1,-1
24,187,395.23,152.91,479.18,329.12,1,-1,-1,-1
24,184,520.89,140.78,543.31,204.73,1,-1,-1,-1
24,179,777.43,142.88,856.0,366.99,1,-1,-1,-1
24,178,704.76,148.25,811.39,369.02,1,-1,-1,-1
25,199,502.95,140.1,520.75,176.75,1,-1,-1,-1
25,197,576.59,150.1,595.34,199.49,1,-1,-1,-1
25,194,932.15,143.29,1040.43,376.54,1,-1,-1,-1
25,193,322.43,145.55,396.37,335.42,1,-1,-1,-1
25,188,543.43,148.84,563.24,198.88,1,-1,-1,-1
25,187,400.81,164.23,487.38,333.93,1,-1,-1,-1
25,184,520.94,141.14,543.61,204.71,1,-1,-1,-1
25,179,792.03,142.37,866.54,366.51,1,-1,-1,-1
25,178,718.86,146.15,820.18,367.51,1,-1,-1,-1
26,199,502.18,139.92,521.13,177.53,1,-1,-1,-1
26,197,577.96,150.84,596.55,199.43,1,-1,-1,-1
26,194,911.98,142.94,1013.88,372.89,1,-1,-1,-1
26,193,334.82,148.47,412.36,342.7,1,-1,-1,-1
26,188,544.21,148.79,563.76,199.01,1,-1,-1,-1
26,187,416.31,157.98,501.91,331.13,1,-1,-1,-1
26,184,521.35,142.62,545.25,209.38,1,-1,-1,-1
26,179,807.7,140.31,881.15,366.39,1,-1,-1,-1
26,178,742.98,144.96,838.91,366.41,1,-1,-1,-1
27,199,500.31,139.02,520.1,175.98,1,-1,-1,-1
27,197,579.2,150.74,597.91,199.48,1,-1,-1,-1
27,194,880.85,146.3,994.13,376.42,1,-1,-1,-1
27,193,342.03,145.86,424.15,346.68,1,-1,-1,-1
27,187,433.92,152.5,513.78,328.13,1,-1,-1,-1
27,184,521.78,143.14,546.03,211.77,1,-1,-1,-1
27,179,828.21,139.96,906.49,364.94,1,-1,-1,-1
27,178,755.49,144.55,853.61,366.39,1,-1,-1,-1
28,199,499.52,138.95,520.99,177.33,1,-1,-1,-1
28,197,577.92,146.84,598.63,200.39,1,-1,-1,-1
28,194,864.13,146.17,982.91,374.89,1,-1,-1,-1
28,193,363.02,142.82,438.38,342.27,1,-1,-1,-1
28,187,448.71,149.68,525.01,329.24,1,-1,-1,-1
28,184,523.25,142.88,547.99,213.05,1,-1,-1,-1
28,179,839.08,147.36,917.56,369.37,1,-1,-1,-1
28,178,761.12,146.12,864.26,368.13,1,-1,-1,-1
29,199,493.03,139.77,515.51,180.01,1,-1,-1,-1
29,197,578.41,146.41,599.99,201.61,1,-1,-1,-1
29,194,843.97,144.25,958.31,372.62,1,-1,-1,-1
29,193,373.46,139.94,445.78,341.45,1,-1,-1,-1
29,187,457.61,157.11,544.29,336.85,1,-1,-1,-1
29,184,522.55,141.41,549.01,213.52,1,-1,-1,-1
29,178,770.18,146.94,877.24,369.37,1,-1,-1,-1
30,199,494.79,139.04,519.1,182.1,1,-1,-1,-1
30,197,578.81,147.78,600.95,202.85,1,-1,-1,-1
30,193,379.4,136.99,451.72,345.55,1,-1,-1,-1
30,187,466.92,160.38,558.1,339.1,1,-1,-1,-1
30,184,526.51,141.78,554.27,214.61,1,-1,-1,-1
30,178,796.91,146.3,900.05,367.48,1,-1,-1,-1
31,199,493.56,138.88,517.39,182.57,1,-1,-1,-1
31,197,581.71,147.71,603.36,202.97,1,-1,-1,-1
31,193,390.8,144.89,470.39,352.05,1,-1,-1,-1
31,187,473.9,160.81,568.94,342.54,1,-1,-1,-1
31,178,824.37,147.09,921.8,366.93,1,-1,-1,-1
32,199,493.56,138.76,516.17,182.1,1,-1,-1,-1
32,197,583.22,148.7,604.39,204.37,1,-1,-1,-1
32,193,396.9,140.31,484.28,357.21,1,-1,-1,-1
32,187,492.67,162.41,578.26,342.41,1,-1,-1,-1
32,179,920.26,121.24,1000.73,326.17,1,-1,-1,-1
32,178,851.92,146.33,954.22,367.17,1,-1,-1,-1
33,199,491.87,139.42,512.91,182.39,1,-1,-1,-1
33,197,586.81,148.58,606.65,202.35,1,-1,-1,-1
33,194,743.0,155.69,844.75,364.34,1,-1,-1,-1
33,193,404.86,135.56,490.97,355.55,1,-1,-1,-1
33,187,514.23,157.76,592.6,342.01,1,-1,-1,-1
33,179,939.27,134.37,1019.27,346.27,1,-1,-1,-1
33,178,871.69,145.75,976.19,367.57,1,-1,-1,-1
34,197,588.91,147.92,608.89,197.83,1,-1,-1,-1
34,194,724.31,155.74,813.64,358.97,1,-1,-1,-1
34,193,422.54,140.51,504.9,356.28,1,-1,-1,-1
34,187,531.99,157.85,611.84,346.71,1,-1,-1,-1
34,178,896.84,142.66,1015.87,368.42,1,-1,-1,-1
35,194,697.49,156.06,790.68,357.74,1,-1,-1,-1
35,193,441.32,131.53,524.41,357.0,1,-1,-1,-1
35,187,541.19,154.88,628.28,351.95,1,-1,-1,-1
35,178,926.28,140.91,1055.98,369.43,1,-1,-1,-1
36,194,676.28,159.07,779.7,356.22,1,-1,-1,-1
36,193,457.69,137.96,542.46,363.25,1,-1,-1,-1
36,187,552.22,153.37,643.35,355.69,1,-1,-1,-1
36,184,537.28,143.47,565.47,212.07,1,-1,-1,-1
36,178,949.71,140.72,1086.42,369.3,1,-1,-1,-1
37,194,662.5,159.93,764.97,354.32,1,-1,-1,-1
37,193,465.26,139.79,554.45,365.64,1,-1,-1,-1
37,187,571.24,152.34,659.35,356.82,1,-1,-1,-1
37,184,543.85,143.5,572.16,214.43,1,-1,-1,-1
37,178,969.02,139.16,1108.5,368.5,1,-1,-1,-1
38,194,643.86,159.08,733.18,351.28,1,-1,-1,-1
38,193,473.84,148.99,565.77,370.46,1,-1,-1,-1
38,187,588.76,151.6,672.31,357.85,1,-1,-1,-1
38,184,548.11,144.44,574.66,216.28,1,-1,-1,-1
38,178,992.4,136.99,1135.63,368.47,1,-1,-1,-1
39,194,633.1,161.19,709.78,351.36,1,-1,-1,-1
39,193,488.16,141.84,581.06,367.42,1,-1,-1,-1
39,187,603.98,150.9,692.64,360.43,1,-1,-1,-1
39,178,1018.38,133.34,1167.76,367.06,1,-1,-1,-1
40,193,512.45,133.5,601.98,361.57,1,-1,-1,-1
40,187,606.14,147.05,704.34,362.7,1,-1,-1,-1
40,178,1047.22,133.19,1201.45,367.81,1,-1,-1,-1
41,193,526.63,139.5,613.04,368.1,1,-1,-1,-1
41,187,617.47,147.39,713.87,364.15,1,-1,-1,-1
41,178,1072.68,134.53,1225.36,367.97,1,-1,-1,-1
42,193,545.38,138.25,633.89,369.2,1,-1,-1,-1
42,187,632.25,146.76,723.04,364.54,1,-1,-1,-1
42,178,1095.72,137.5,1239.12,368.55,1,-1,-1,-1
43,211,479.59,140.98,499.94,184.74,1,-1,-1,-1
43,193,553.79,136.52,646.6,369.24,1,-1,-1,-1
43,187,656.96,145.89,742.38,365.21,1,-1,-1,-1
43,178,1119.73,139.55,1247.74,368.69,1,-1,-1,-1
44,212,527.61,140.76,548.99,205.12,1,-1,-1,-1
44,211,476.04,141.32,495.16,184.26,1,-1,-1,-1
44,193,568.1,129.97,659.96,366.96,1,-1,-1,-1
44,187,675.35,144.82,762.0,367.4,1,-1,-1,-1
44,178,1136.21,160.59,1250.11,377.66,1,-1,-1,-1
45,211,474.66,141.13,493.24,183.87,1,-1,-1,-1
45,193,585.73,127.0,676.95,366.8,1,-1,-1,-1
45,187,689.59,146.16,782.38,369.33,1,-1,-1,-1
46,211,473.6,139.14,491.4,181.2,1,-1,-1,-1
46,193,611.61,121.98,699.19,364.56,1,-1,-1,-1
46,187,698.46,145.66,799.36,370.82,1,-1,-1,-1
47,216,483.37,176.18,543.33,321.74,1,-1,-1,-1
47,215,568.87,148.44,597.63,224.58,1,-1,-1,-1
47,193,629.0,120.75,717.68,365.68,1,-1,-1,-1
47,187,718.02,145.23,818.4,370.41,1,-1,-1,-1
48,219,605.76,148.52,627.57,209.89,1,-1,-1,-1
48,216,452.51,170.15,522.21,330.17,1,-1,-1,-1
48,215,572.17,151.09,600.55,226.17,1,-1,-1,-1
48,193,639.6,125.39,735.12,368.59,1,-1,-1,-1
48,187,739.12,143.57,834.81,369.08,1,-1,-1,-1
49,219,608.48,147.95,630.5,210.57,1,-1,-1,-1
49,216,425.58,159.4,509.13,334.64,1,-1,-1,-1
49,215,574.33,148.79,602.74,224.0,1,-1,-1,-1
49,193,649.8,125.74,753.59,370.19,1,-1,-1,-1
49,187,753.12,141.24,846.45,367.96,1,-1,-1,-1
50,221,558.32,144.9,581.98,214.19,1,-1,-1,-1
50,220,530.15,138.04,554.67,210.72,1,-1,-1,-1
50,219,611.81,145.89,633.72,208.75,1,-1,-1,-1
50,216,414.79,162.26,494.44,332.32,1,-1,-1,-1
50,215,576.8,148.12,604.92,223.66,1,-1,-1,-1
50,193,669.0,121.7,773.1,368.52,1,-1,-1,-1
50,187,767.76,140.89,869.2,369.75,1,-1,-1,-1
51,221,559.64,145.26,583.08,212.61,1,-1,-1,-1
51,220,530.2,137.7,554.7,210.12,1,-1,-1,-1
51,219,613.25,146.37,636.24,211.24,1,-1,-1,-1
51,216,401.25,164.04,476.34,325.41,1,-1,-1,-1
51,215,579.21,146.96,606.6,223.23,1,-1,-1,-1
51,193,695.68,119.55,794.55,366.64,1,-1,-1,-1
51,187,780.38,141.36,883.7,370.39,1,-1,-1,-1
52,221,561.88,146.56,585.09,212.16,1,-1,-1,-1
52,220,530.94,137.56,555.59,210.15,1,-1,-1,-1
52,219,613.7,146.58,637.51,212.68,1,-1,-1,-1
52,216,375.91,169.2,448.86,327.19,1,-1,-1,-1
52,215,581.72,146.4,610.43,220.98,1,-1,-1,-1
52,193,713.58,117.8,807.91,364.62,1,-1,-1,-1
52,187,797.63,140.79,900.72,369.6,1,-1,-1,-1
53,224,462.34,142.25,479.56,183.07,1,-1,-1,-1
53,221,563.42,148.66,586.04,211.81,1,-1,-1,-1
53,220,532.55,137.56,556.39,207.9,1,-1,-1,-1
53,219,615.22,147.36,639.21,213.16,1,-1,-1,-1
53,216,351.89,158.32,438.24,329.3,1,-1,-1,-1
53,215,587.3,147.47,615.19,217.87,1,-1,-1,-1
53,193,726.55,120.38,822.27,366.0,1,-1,-1,-1
53,187,826.2,140.31,922.6,368.83,1,-1,-1,-1
54,224,462.51,142.61,479.15,182.2,1,-1,-1,-1
54,221,562.07,149.74,584.56,212.29,1,-1,-1,-1
54,220,533.06,137.03,556.81,207.02,1,-1,-1,-1
54,219,617.79,148.59,640.61,213.39,1,-1,-1,-1
54,216,334.35,158.9,425.63,330.97,1,-1,-1,-1
54,215,588.42,147.43,616.66,221.38,1,-1,-1,-1
54,193,738.47,120.65,840.34,368.0,1,-1,-1,-1
54,187,858.5,139.07,951.68,368.08,1,-1,-1,-1
55,226,535.84,142.04,582.44,216.78,1,-1,-1,-1
55,224,462.58,142.85,478.93,182.34,1,-1,-1,-1
55,221,563.1,149.48,585.35,212.49,1,-1,-1,-1
55,220,532.36,137.99,556.75,211.0,1,-1,-1,-1
55,219,620.0,149.69,641.99,213.07,1,-1,-1,-1
55,216,314.31,157.74,401.65,328.85,1,-1,-1,-1
55,215,588.9,147.69,618.69,225.16,1,-1,-1,-1
55,193,754.36,118.08,861.73,368.37,1,-1,-1,-1
55,187,882.03,138.89,984.38,369.44,1,-1,-1,-1
56,224,461.11,142.15,477.35,181.22,1,-1,-1,-1
56,221,563.9,149.03,585.86,213.26,1,-1,-1,-1
56,220,533.97,135.46,558.31,211.7,1,-1,-1,-1
56,219,622.11,148.78,643.9,212.91,1,-1,-1,-1
56,216,309.06,160.1,386.77,327.4,1,-1,-1,-1
56,215,590.96,147.84,621.94,228.04,1,-1,-1,-1
56,193,776.73,113.78,887.77,368.42,1,-1,-1,-1
56,187,898.87,139.88,1018.47,371.25,1,-1,-1,-1
57,224,459.45,142.01,475.67,181.34,1,-1,-1,-1
57,221,565.88,150.07,587.74,214.63,1,-1,-1,-1
57,220,535.27,135.89,560.39,214.0,1,-1,-1,-1
57,219,624.39,149.53,645.86,214.14,1,-1,-1,-1
57,216,288.4,160.09,366.42,327.36,1,-1,-1,-1
57,215,593.54,149.21,625.0,230.37,1,-1,-1,-1
57,193,812.54,109.58,924.63,367.41,1,-1,-1,-1
57,187,925.14,139.23,1054.12,371.6,1,-1,-1,-1
58,224,459.34,141.26,477.05,183.24,1,-1,-1,-1
58,221,567.04,149.29,589.69,215.52,1,-1,-1,-1
58,220,535.77,136.31,561.9,216.17,1,-1,-1,-1
58,219,626.49,151.66,647.58,216.6,1,-1,-1,-1
58,216,272.91,162.29,354.69,329.17,1,-1,-1,-1
58,215,595.87,149.4,628.65,233.14,1,-1,-1,-1
58,193,840.13,109.48,948.97,368.16,1,-1,-1,-1
58,187,958.89,135.05,1084.37,368.56,1,-1,-1,-1
59,224,459.44,140.96,477.3,183.61,1,-1,-1,-1
59,221,567.36,149.57,590.9,216.84,1,-1,-1,-1
59,220,536.93,136.22,563.23,216.65,1,-1,-1,-1
59,219,630.21,146.63,650.59,209.26,1,-1,-1,-1
59,216,254.99,157.25,331.92,321.92,1,-1,-1,-1
59,215,599.78,146.65,633.06,233.37,1,-1,-1,-1
59,193,858.15,111.43,974.68,370.21,1,-1,-1,-1
59,187,985.06,132.28,1101.71,367.34,1,-1,-1,-1
60,224,460.25,141.59,479.61,186.43,1,-1,-1,-1
60,221,567.83,146.38,593.53,217.88,1,-1,-1,-1
60,220,539.38,135.71,565.65,217.55,1,-1,-1,-1
60,219,633.68,144.56,654.67,203.68,1,-1,-1,-1
60,216,246.09,158.17,315.06,318.7,1,-1,-1,-1
60,215,604.8,144.72,639.07,234.79,1,-1,-1,-1
60,193,894.89,110.7,1008.4,370.23,1,-1,-1,-1
60,187,1012.88,132.25,1128.52,368.14,1,-1,-1,-1
61,224,461.89,141.67,483.12,187.6,1,-1,-1,-1
61,221,569.69,147.6,595.79,219.6,1,-1,-1,-1
61,220,541.24,134.75,567.63,218.21,1,-1,-1,-1
61,216,240.81,162.68,307.66,317.81,1,-1,-1,-1
61,215,607.86,143.51,644.85,237.26,1,-1,-1,-1
61,193,927.79,109.39,1043.45,367.54,1,-1,-1,-1
61,187,1041.29,133.4,1156.49,368.48,1,-1,-1,-1
62,224,459.73,140.92,481.13,187.65,1,-1,-1,-1
62,221,570.79,149.0,595.36,219.4,1,-1,-1,-1
62,220,541.64,133.48,568.53,217.94,1,-1,-1,-1
62,215,611.82,143.92,651.34,240.75,1,-1,-1,-1
62,193,954.6,105.62,1073.18,367.24,1,-1,-1,-1
62,187,1076.85,134.78,1192.01,368.69,1,-1,-1,-1
63,232,422.56,140.75,440.28,174.33,1,-1,-1,-1
63,224,456.04,140.3,477.73,187.49,1,-1,-1,-1
63,221,571.86,147.81,596.18,218.65,1,-1,-1,-1
63,220,542.41,134.35,569.69,219.58,1,-1,-1,-1
63,215,613.65,145.29,655.06,243.61,1,-1,-1,-1
63,193,973.33,104.43,1099.35,367.46,1,-1,-1,-1
63,187,1114.41,131.56,1224.85,365.59,1,-1,-1,-1
64,232,422.88,141.78,440.18,173.95,1,-1,-1,-1
64,224,451.68,140.2,473.99,188.76,1,-1,-1,-1
64,221,573.65,147.41,597.97,218.14,1,-1,-1,-1
64,220,544.65,132.96,570.98,213.9,1,-1,-1,-1
64,215,616.01,145.25,657.24,245.45,1,-1,-1,-1
64,193,993.72,105.86,1129.38,367.9,1,-1,-1,-1
64,187,1146.53,127.69,1242.89,363.46,1,-1,-1,-1
65,232,421.89,141.9,440.07,175.34,1,-1,-1,-1
65,224,449.16,141.08,471.59,191.86,1,-1,-1,-1
65,221,575.42,147.94,600.05,219.95,1,-1,-1,-1
65,220,546.59,133.73,572.22,212.65,1,-1,-1,-1
65,215,622.29,144.47,662.74,246.44,1,-1,-1,-1
65,193,1019.98,107.19,1164.33,368.52,1,-1,-1,-1
66,232,418.0,140.32,436.49,174.26,1,-1,-1,-1
66,224,447.15,141.53,469.43,193.11,1,-1,-1,-1
66,221,576.5,149.28,601.86,221.01,1,-1,-1,-1
66,220,547.75,136.74,573.24,217.17,1,-1,-1,-1
66,215,627.45,143.19,667.54,247.54,1,-1,-1,-1
66,193,1067.06,104.31,1211.23,367.58,1,-1,-1,-1
67,234,513.2,142.09,528.5,174.11,1,-1,-1,-1
67,232,415.85,140.71,434.09,174.35,1,-1,-1,-1
67,224,444.57,141.66,467.35,194.7,1,-1,-1,-1
67,221,577.99,149.25,604.41,221.02,1,-1,-1,-1
67,220,548.58,137.63,573.86,219.32,1,-1,-1,-1
67,215,631.91,143.91,673.05,249.69,1,-1,-1,-1
67,193,1109.46,101.77,1239.06,366.33,1,-1,-1,-1
68,234,511.53,142.36,526.86,174.15,1,-1,-1,-1
68,232,413.47,140.92,432.02,174.87,1,-1,-1,-1
68,224,442.26,139.92,464.87,191.85,1,-1,-1,-1
68,221,579.5,148.79,606.44,221.43,1,-1,-1,-1
68,220,548.73,139.78,574.51,223.08,1,-1,-1,-1
68,215,634.98,144.19,676.06,251.2,1,-1,-1,-1
69,234,510.58,142.75,526.17,174.26,1,-1,-1,-1
69,232,412.53,141.03,430.94,175.66,1,-1,-1,-1
69,224,439.45,139.79,461.86,192.08,1,-1,-1,-1
69,221,581.34,148.85,608.72,222.47,1,-1,-1,-1
69,220,549.6,140.94,575.56,223.8,1,-1,-1,-1
69,215,640.05,143.64,681.3,252.24,1,-1,-1,-1
70,234,509.74,143.04,525.34,174.74,1,-1,-1,-1
70,232,410.82,140.76,429.42,175.52,1,-1,-1,-1
70,224,437.63,137.63,459.41,187.68,1,-1,-1,-1
70,221,584.19,146.28,611.74,221.73,1,-1,-1,-1
70,220,549.97,140.02,576.52,224.14,1,-1,-1,-1
70,215,644.79,142.38,686.04,252.65,1,-1,-1,-1
71,234,508.32,142.88,522.94,173.68,1,-1,-1,-1
71,232,409.96,141.02,429.03,176.67,1,-1,-1,-1
71,224,435.11,139.63,457.6,190.31,1,-1,-1,-1
71,221,587.49,144.76,616.14,222.67,1,-1,-1,-1
71,220,550.39,136.95,577.78,224.18,1,-1,-1,-1
71,215,649.49,143.06,692.15,254.94,1,-1,-1,-1
72,234,507.12,142.96,521.34,174.09,1,-1,-1,-1
72,224,434.38,139.4,455.98,189.91,1,-1,-1,-1
72,221,589.48,144.53,618.67,223.37,1,-1,-1,-1
72,220,550.42,134.36,578.21,224.21,1,-1,-1,-1
72,215,654.67,144.31,699.21,257.82,1,-1,-1,-1
73,234,505.44,142.93,519.64,174.56,1,-1,-1,-1
73,221,592.88,146.55,621.42,225.18,1,-1,-1,-1
73,220,550.99,135.68,579.27,227.34,1,-1,-1,-1
73,215,660.22,145.66,705.42,261.93,1,-1,-1,-1
74,234,503.16,142.96,517.72,174.72,1,-1,-1,-1
74,221,595.91,146.64,624.23,225.97,1,-1,-1,-1
74,220,551.86,135.28,580.35,228.65,1,-1,-1,-1
74,215,665.56,144.98,711.97,262.27,1,-1,-1,-1
75,234,501.3,143.5,516.23,175.06,1,-1,-1,-1
75,221,599.16,145.4,628.67,225.87,1,-1,-1,-1
75,220,553.36,135.03,581.71,230.07,1,-1,-1,-1
75,215,673.83,144.3,719.17,262.77,1,-1,-1,-1
76,221,601.09,145.54,632.69,226.9,1,-1,-1,-1
76,220,551.28,133.43,581.17,231.19,1,-1,-1,-1
76,215,680.92,144.91,727.63,264.64,1,-1,-1,-1
77,221,603.39,145.76,637.15,227.79,1,-1,-1,-1
77,220,552.79,131.75,582.88,231.62,1,-1,-1,-1
77,215,686.46,145.93,734.92,266.66,1,-1,-1,-1
78,240,424.39,138.23,443.01,184.4,1,-1,-1,-1
78,237,667.61,146.46,695.43,230.41,1,-1,-1,-1
78,221,606.11,147.27,640.82,228.89,1,-1,-1,-1
78,220,554.26,131.97,584.31,232.97,1,-1,-1,-1
78,215,689.41,146.62,739.16,269.43,1,-1,-1,-1
79,240,423.21,138.76,442.23,186.0,1,-1,-1,-1
79,237,670.11,144.44,699.26,228.72,1,-1,-1,-1
79,234,494.14,143.95,510.39,177.91,1,-1,-1,-1
79,221,608.27,147.18,642.71,229.1,1,-1,-1,-1
79,220,555.9,132.81,586.1,233.71,1,-1,-1,-1
79,215,698.17,146.08,746.87,270.96,1,-1,-1,-1
80,240,421.83,138.38,441.57,187.8,1,-1,-1,-1
80,237,670.99,145.41,701.73,229.22,1,-1,-1,-1
80,221,608.87,146.57,643.86,229.45,1,-1,-1,-1
80,220,556.91,133.99,587.41,235.56,1,-1,-1,-1
80,215,706.33,143.92,754.39,272.07,1,-1,-1,-1
81,240,419.78,136.97,440.15,185.21,1,-1,-1,-1
81,237,672.15,147.34,704.07,229.97,1,-1,-1,-1
81,221,611.01,147.5,646.94,231.51,1,-1,-1,-1
81,220,557.2,132.22,589.08,235.21,1,-1,-1,-1
81,215,712.75,143.79,762.61,273.85,1,-1,-1,-1
82,240,417.44,136.19,438.26,183.71,1,-1,-1,-1
82,237,675.14,148.04,707.25,230.19,1,-1,-1,-1
82,221,614.62,148.05,650.62,232.48,1,-1,-1,-1
82,220,558.86,131.18,592.34,235.39,1,-1,-1,-1
82,215,717.42,147.01,769.06,280.37,1,-1,-1,-1
83,241,509.27,146.12,523.46,177.46,1,-1,-1,-1
83,240,416.03,137.44,436.59,183.72,1,-1,-1,-1
83,237,677.29,147.65,710.42,230.87,1,-1,-1,-1
83,234,485.17,143.66,501.37,177.46,1,-1,-1,-1
83,221,616.08,146.02,653.02,232.46,1,-1,-1,-1
83,220,560.58,130.32,594.53,234.91,1,-1,-1,-1
83,215,724.97,148.49,777.82,284.36,1,-1,-1,-1
84,241,507.98,146.33,522.14,178.37,1,-1,-1,-1
84,237,679.98,148.24,713.55,232.43,1,-1,-1,-1
84,234,482.52,143.25,499.23,177.62,1,-1,-1,-1
84,221,620.16,147.04,656.83,234.35,1,-1,-1,-1
84,220,559.42,129.2,595.45,237.92,1,-1,-1,-1
84,215,732.52,148.29,786.69,286.99,1,-1,-1,-1
85,241,503.44,146.11,518.4,178.99,1,-1,-1,-1
85,237,682.26,149.36,717.03,234.54,1,-1,-1,-1
85,234,479.88,142.8,497.77,177.88,1,-1,-1,-1
85,221,622.66,147.83,659.78,235.77,1,-1,-1,-1
85,220,557.48,129.71,596.35,239.67,1,-1,-1,-1
85,215,742.56,147.25,795.89,288.4,1,-1,-1,-1
86,241,501.57,145.41,516.14,177.44,1,-1,-1,-1
86,237,683.42,150.33,719.05,236.18,1,-1,-1,-1
86,234,478.79,142.03,496.79,177.97,1,-1,-1,-1
86,221,625.63,147.54,663.74,237.2,1,-1,-1,-1
86,220,559.6,129.81,599.01,242.76,1,-1,-1,-1
86,215,750.36,148.97,806.23,291.61,1,-1,-1,-1
87,241,499.45,146.25,513.9,178.83,1,-1,-1,-1
87,237,684.74,150.07,721.38,236.87,1,-1,-1,-1
87,234,476.58,141.7,494.74,178.23,1,-1,-1,-1
87,221,627.67,148.08,666.76,239.53,1,-1,-1,-1
87,220,565.75,128.11,603.77,242.64,1,-1,-1,-1
87,215,753.42,150.18,812.16,295.64,1,-1,-1,-1
88,237,688.41,148.92,725.34,237.18,1,-1,-1,-1
88,234,474.92,140.87,492.98,178.11,1,-1,-1,-1
88,221,628.68,147.51,668.15,240.31,1,-1,-1,-1
88,220,569.86,125.91,607.12,242.43,1,-1,-1,-1
88,215,755.45,149.98,817.36,297.71,1,-1,-1,-1
89,237,694.65,148.65,732.64,236.95,1,-1,-1,-1
89,234,473.74,141.59,491.25,178.77,1,-1,-1,-1
89,221,631.54,146.23,671.26,239.66,1,-1,-1,-1
89,220,572.94,125.18,609.93,243.12,1,-1,-1,-1
89,215,770.01,149.79,827.91,298.91,1,-1,-1,-1
90,237,698.49,149.78,736.91,237.99,1,-1,-1,-1
90,234,470.79,142.77,487.87,180.19,1,-1,-1,-1
90,221,632.6,146.16,672.99,241.91,1,-1,-1,-1
90,220,576.42,127.43,613.62,245.82,1,-1,-1,-1
90,215,781.93,149.25,838.27,300.66,1,-1,-1,-1
91,237,702.3,151.03,739.56,239.01,1,-1,-1,-1
91,234,468.01,142.76,484.78,180.05,1,-1,-1,-1
91,221,633.78,146.78,673.88,242.4,1,-1,-1,-1
91,220,579.28,128.28,616.67,246.37,1,-1,-1,-1
91,215,790.67,151.86,849.83,305.95,1,-1,-1,-1
92,237,706.38,149.18,743.06,237.55,1,-1,-1,-1
92,234,465.68,142.86,482.36,179.88,1,-1,-1,-1
92,221,634.9,148.12,675.01,245.18,1,-1,-1,-1
92,220,582.44,130.18,620.09,248.42,1,-1,-1,-1
92,215,797.89,153.78,860.85,314.19,1,-1,-1,-1
93,237,710.65,149.97,746.66,239.83,1,-1,-1,-1
93,234,463.83,142.54,480.71,178.97,1,-1,-1,-1
93,221,635.74,148.02,676.96,247.04,1,-1,-1,-1
93,220,585.28,129.7,622.89,249.13,1,-1,-1,-1
93,215,809.63,153.6,874.23,317.5,1,-1,-1,-1
94,237,713.9,151.78,750.49,242.18,1,-1,-1,-1
94,234,461.84,142.2,478.51,177.95,1,-1,-1,-1
94,221,637.51,145.91,678.51,247.04,1,-1,-1,-1
94,220,587.93,130.65,625.65,252.14,1,-1,-1,-1
94,215,826.17,152.33,889.07,318.74,1,-1,-1,-1
95,237,717.44,152.31,753.99,243.99,1,-1,-1,-1
95,234,460.08,143.66,476.45,179.53,1,-1,-1,-1
95,221,640.37,146.15,682.02,247.81,1,-1,-1,-1
95,220,588.69,131.58,627.7,253.92,1,-1,-1,-1
95,215,838.33,152.74,902.76,322.99,1,-1,-1,-1
96,237,723.43,151.17,758.87,244.05,1,-1,-1,-1
96,234,455.41,144.29,473.15,181.17,1,-1,-1,-1
96,221,642.0,147.99,684.01,250.54,1,-1,-1,-1
96,220,589.97,132.73,630.41,256.92,1,-1,-1,-1
96,215,849.5,153.63,923.26,328.32,1,-1,-1,-1
97,237,726.95,150.43,763.06,244.8,1,-1,-1,-1
97,234,452.53,144.27,470.79,181.75,1,-1,-1,-1
97,221,644.5,149.77,687.42,253.28,1,-1,-1,-1
97,220,591.22,132.42,633.26,258.74,1,-1,-1,-1
97,215,854.65,154.66,936.3,334.71,1,-1,-1,-1
98,249,476.87,146.3,492.21,183.51,1,-1,-1,-1
98,237,732.59,148.59,769.46,241.46,1,-1,-1,-1
98,234,450.79,144.98,468.76,183.35,1,-1,-1,-1
98,221,646.44,150.39,689.5,255.69,1,-1,-1,-1
98,220,596.19,132.83,637.93,261.03,1,-1,-1,-1
98,215,863.54,153.53,945.97,338.9,1,-1,-1,-1
99,250,547.02,145.81,563.81,183.12,1,-1,-1,-1
99,249,473.97,146.38,489.79,183.76,1,-1,-1,-1
99,237,737.54,150.43,776.69,244.69,1,-1,-1,-1
99,234,450.22,143.49,467.47,182.38,1,-1,-1,-1
99,221,648.27,149.18,692.12,257.0,1,-1,-1,-1
99,220,601.74,131.04,642.48,260.13,1,-1,-1,-1
99,215,886.84,151.77,963.17,339.11,1,-1,-1,-1
100,250,546.02,143.07,564.18,182.48,1,-1,-1,-1
100,249,470.09,145.24,486.74,183.77,1,-1,-1,-1
100,237,740.64,151.9,781.68,247.57,1,-1,-1,-1
100,234,448.17,142.64,465.75,182.08,1,-1,-1,-1
100,221,651.8,148.34,696.71,258.88,1,-1,-1,-1
100,220,605.67,130.04,647.11,261.72,1,-1,-1,-1
100,215,905.12,153.54,978.86,346.18,1,-1,-1,-1
101,249,465.69,143.91,482.59,183.42,1,-1,-1,-1
101,237,744.49,152.13,785.63,247.99,1,-1,-1,-1
101,234,444.2,143.15,462.48,182.51,1,-1,-1,-1
101,221,653.29,149.43,698.25,263.04,1,-1,-1,-1
101,220,608.98,131.57,650.78,264.27,1,-1,-1,-1
101,215,919.27,154.3,1001.97,352.46,1,-1,-1,-1
102,249,463.69,143.2,480.1,182.5,1,-1,-1,-1
102,237,749.82,152.37,789.93,249.33,1,-1,-1,-1
102,234,441.86,143.24,459.9,182.37,1,-1,-1,-1
102,221,656.65,149.72,702.33,265.04,1,-1,-1,-1
102,220,611.47,130.64,654.29,264.51,1,-1,-1,-1
102,215,930.24,154.47,1019.63,358.34,1,-1,-1,-1
103,252,371.03,142.33,391.93,177.33,1,-1,-1,-1
103,249,461.51,143.05,478.05,184.33,1,-1,-1,-1
103,237,753.41,151.67,794.19,250.61,1,-1,-1,-1
103,234,438.44,143.22,456.21,182.79,1,-1,-1,-1
103,221,660.37,149.35,706.35,265.43,1,-1,-1,-1
103,220,613.4,130.3,657.69,264.57,1,-1,-1,-1
103,215,949.87,154.95,1039.62,361.48,1,-1,-1,-1
104,249,461.01,143.71,478.62,186.28,1,-1,-1,-1
104,237,757.57,152.08,799.37,253.14,1,-1,-1,-1
104,234,436.24,143.89,454.35,183.61,1,-1,-1,-1
104,221,665.04,149.09,712.01,267.61,1,-1,-1,-1
104,220,606.48,130.65,657.77,268.99,1,-1,-1,-1
104,215,976.68,151.02,1062.5,362.27,1,-1,-1,-1
105,249,462.52,143.4,480.19,186.11,1,-1,-1,-1
105,237,763.44,151.5,804.6,253.68,1,-1,-1,-1
105,234,434.63,142.51,452.08,181.03,1,-1,-1,-1
105,221,668.86,150.39,717.19,272.69,1,-1,-1,-1
105,220,598.56,128.83,658.56,271.91,1,-1,-1,-1
105,215,994.86,149.23,1086.28,364.98,1,-1,-1,-1
106,249,457.98,144.27,474.57,186.88,1,-1,-1,-1
106,237,768.72,151.06,809.41,255.69,1,-1,-1,-1
106,234,432.36,142.7,449.62,180.46,1,-1,-1,-1
106,221,672.43,151.61,723.17,276.3,1,-1,-1,-1
106,220,593.24,128.28,661.43,275.62,1,-1,-1,-1
106,215,1008.88,151.2,1114.96,367.87,1,-1,-1,-1
107,249,455.32,145.57,471.28,186.64,1,-1,-1,-1
107,237,775.35,150.7,816.4,255.76,1,-1,-1,-1
107,234,430.18,141.99,447.7,178.16,1,-1,-1,-1
107,221,675.44,151.62,727.0,276.98,1,-1,-1,-1
107,220,592.81,128.95,665.46,279.09,1,-1,-1,-1
107,215,1019.25,150.6,1134.14,369.6,1,-1,-1,-1
108,237,781.53,151.4,823.97,259.23,1,-1,-1,-1
108,234,427.7,141.52,444.91,176.45,1,-1,-1,-1
108,221,678.14,150.85,729.61,277.25,1,-1,-1,-1
108,220,593.99,128.48,668.35,281.12,1,-1,-1,-1
108,215,1041.06,147.81,1155.82,369.01,1,-1,-1,-1
109,237,785.64,153.4,830.54,263.96,1,-1,-1,-1
109,234,425.17,141.38,442.28,176.09,1,-1,-1,-1
109,221,682.97,149.43,737.37,278.55,1,-1,-1,-1
109,220,603.89,128.14,675.6,281.65,1,-1,-1,-1
109,215,1078.06,143.91,1182.49,367.0,1,-1,-1,-1
110,237,791.29,154.08,836.97,265.58,1,-1,-1,-1
110,234,424.08,141.79,441.07,176.32,1,-1,-1,-1
110,221,686.74,151.85,742.18,283.23,1,-1,-1,-1
110,220,616.64,131.3,681.46,285.6,1,-1,-1,-1
110,215,1109.49,143.03,1208.64,367.88,1,-1,-1,-1
111,249,441.06,144.62,458.58,187.54,1,-1,-1,-1
111,237,797.46,152.9,842.11,263.38,1,-1,-1,-1
111,221,690.79,153.63,746.8,288.65,1,-1,-1,-1
111,220,625.35,132.75,685.04,288.44,1,-1,-1,-1
111,215,1127.54,143.49,1226.04,369.37,1,-1,-1,-1
112,249,438.13,144.36,455.98,186.44,1,-1,-1,-1
112,237,803.09,152.82,846.86,264.5,1,-1,-1,-1
112,221,695.65,154.66,754.63,291.73,1,-1,-1,-1
112,220,632.27,135.02,688.59,291.8,1,-1,-1,-1
112,215,1141.2,162.98,1235.06,378.51,1,-1,-1,-1
113,249,434.82,144.51,453.31,184.91,1,-1,-1,-1
113,237,808.14,152.44,854.99,267.59,1,-1,-1,-1
113,221,700.26,153.63,759.64,292.33,1,-1,-1,-1
113,220,636.42,135.71,690.91,292.89,1,-1,-1,-1
114,237,812.48,153.59,862.28,271.65,1,-1,-1,-1
114,221,706.22,153.67,766.96,295.66,1,-1,-1,-1
114,220,641.6,134.22,694.91,294.07,1,-1,-1,-1
115,237,821.62,153.5,869.39,272.38,1,-1,-1,-1
115,221,711.51,156.4,774.01,299.4,1,-1,-1,-1
115,220,643.35,134.36,696.82,298.14,1,-1,-1,-1
116,255,410.49,141.29,428.22,176.76,1,-1,-1,-1
116,254,499.86,142.1,515.2,178.69,1,-1,-1,-1
116,237,829.16,152.53,876.93,272.84,1,-1,-1,-1
116,221,716.34,157.3,782.48,300.44,1,-1,-1,-1
116,220,639.15,134.48,697.14,301.47,1,-1,-1,-1
117,255,409.35,141.49,426.3,175.87,1,-1,-1,-1
117,254,502.64,143.3,517.57,180.73,1,-1,-1,-1
117,249,426.97,142.53,444.24,180.66,1,-1,-1,-1
117,237,835.65,153.46,886.0,274.52,1,-1,-1,-1
117,221,721.51,158.1,789.0,302.02,1,-1,-1,-1
117,220,638.15,136.1,700.69,307.66,1,-1,-1,-1
118,255,406.69,142.92,423.68,177.45,1,-1,-1,-1
118,254,505.29,143.83,520.61,181.18,1,-1,-1,-1
118,249,424.21,142.65,442.13,180.01,1,-1,-1,-1
118,237,842.35,155.76,895.99,279.13,1,-1,-1,-1
118,221,724.55,161.03,793.62,307.87,1,-1,-1,-1
118,220,644.0,138.11,707.65,314.33,1,-1,-1,-1
119,255,403.5,142.98,421.71,179.25,1,-1,-1,-1
119,254,508.57,143.91,523.8,180.86,1,-1,-1,-1
119,249,422.18,143.03,440.94,180.43,1,-1,-1,-1
119,237,849.58,156.15,905.88,282.68,1,-1,-1,-1
119,221,726.81,162.03,795.86,310.02,1,-1,-1,-1
119,220,653.78,137.85,715.48,315.59,1,-1,-1,-1
120,257,553.5,145.43,568.78,181.77,1,-1,-1,-1
120,255,402.26,142.5,420.8,178.32,1,-1,-1,-1
120,254,510.73,143.63,526.24,181.11,1,-1,-1,-1
120,249,420.32,143.08,439.81,179.62,1,-1,-1,-1
120,237,858.04,156.08,915.43,284.55,1,-1,-1,-1
120,221,729.97,165.14,797.85,317.41,1,-1,-1,-1
120,220,665.22,134.37,723.95,314.42,1,-1,-1,-1
121,257,553.62,144.2,570.23,182.03,1,-1,-1,-1
121,254,514.01,143.29,528.89,180.2,1,-1,-1,-1
121,249,416.34,143.19,436.55,179.8,1,-1,-1,-1
121,237,869.3,154.4,924.08,283.74,1,-1,-1,-1
121,221,733.51,167.09,802.4,323.12,1,-1,-1,-1
121,220,672.96,136.92,731.16,320.39,1,-1,-1,-1
122,257,553.83,142.8,572.6,182.69,1,-1,-1,-1
122,254,517.07,141.49,531.47,178.39,1,-1,-1,-1
122,249,415.14,143.11,434.7,179.73,1,-1,-1,-1
122,237,879.03,153.32,933.43,285.24,1,-1,-1,-1
122,221,738.16,167.62,804.73,326.95,1,-1,-1,-1
122,220,679.45,139.15,740.02,327.5,1,-1,-1,-1
123,257,553.96,142.61,573.85,182.96,1,-1,-1,-1
123,249,414.09,143.09,432.61,180.31,1,-1,-1,-1
123,237,890.07,155.94,948.62,289.28,1,-1,-1,-1
123,221,744.58,166.08,810.96,331.41,1,-1,-1,-1
123,220,680.88,140.08,743.55,331.4,1,-1,-1,-1
124,257,554.19,143.01,574.8,183.56,1,-1,-1,-1
124,249,409.34,143.98,428.09,181.44,1,-1,-1,-1
124,237,896.29,157.3,955.79,292.05,1,-1,-1,-1
124,221,751.72,165.21,818.88,332.51,1,-1,-1,-1
124,220,686.61,139.6,751.44,335.07,1,-1,-1,-1
125,257,554.52,143.17,575.51,183.44,1,-1,-1,-1
125,237,906.33,157.24,965.32,294.9,1,-1,-1,-1
125,221,754.08,165.51,826.76,339.49,1,-1,-1,-1
125,220,694.82,136.99,758.92,335.71,1,-1,-1,-1
126,257,554.59,143.13,575.84,183.21,1,-1,-1,-1
126,237,922.23,155.66,981.27,294.71,1,-1,-1,-1
126,221,758.92,167.75,835.15,345.12,1,-1,-1,-1
126,220,693.57,136.33,762.46,340.04,1,-1,-1,-1
127,237,936.28,158.39,998.0,298.61,1,-1,-1,-1
127,221,775.3,165.04,853.47,346.65,1,-1,-1,-1
127,220,694.25,139.19,768.65,348.17,1,-1,-1,-1
128,237,946.25,161.33,1012.29,304.31,1,-1,-1,-1
128,221,783.34,165.77,858.85,350.73,1,-1,-1,-1
128,220,700.39,140.59,777.94,354.43,1,-1,-1,-1
129,237,959.83,161.59,1026.5,305.93,1,-1,-1,-1
129,221,790.32,168.13,865.01,358.87,1,-1,-1,-1
129,220,706.26,138.21,787.2,358.4,1,-1,-1,-1
130,237,970.16,158.32,1034.67,303.45,1,-1,-1,-1
130,221,799.6,167.81,876.38,361.88,1,-1,-1,-1
130,220,721.15,136.09,799.03,361.21,1,-1,-1,-1
131,237,981.25,159.02,1046.74,308.3,1,-1,-1,-1
131,221,808.27,168.44,885.21,364.81,1,-1,-1,-1
131,220,733.92,133.61,809.58,362.83,1,-1,-1,-1
132,237,995.34,161.07,1068.92,313.04,1,-1,-1,-1
132,221,820.39,165.84,896.74,365.6,1,-1,-1,-1
132,220,744.44,134.9,820.85,366.12,1,-1,-1,-1
133,237,1005.73,161.22,1082.65,317.6,1,-1,-1,-1
133,221,832.6,166.5,914.03,367.72,1,-1,-1,-1
133,220,752.48,133.42,831.3,367.47,1,-1,-1,-1
134,237,1019.22,162.34,1093.19,321.35,1,-1,-1,-1
134,221,837.52,166.6,926.32,369.49,1,-1,-1,-1
134,220,758.64,130.18,839.14,367.29,1,-1,-1,-1
135,237,1035.03,159.59,1108.71,321.87,1,-1,-1,-1
135,221,846.44,167.02,940.74,370.8,1,-1,-1,-1
135,220,769.84,125.16,850.02,366.49,1,-1,-1,-1
136,237,1051.46,163.9,1130.18,332.12,1,-1,-1,-1
136,221,864.74,164.06,957.09,368.39,1,-1,-1,-1
136,220,780.81,120.43,860.66,365.07,1,-1,-1,-1
137,259,554.05,142.16,576.19,182.69,1,-1,-1,-1
137,237,1070.21,165.13,1153.21,339.45,1,-1,-1,-1
137,221,887.97,163.23,979.42,368.29,1,-1,-1,-1
137,220,780.95,120.9,868.08,366.73,1,-1,-1,-1
138,259,554.4,143.2,575.13,182.53,1,-1,-1,-1
138,237,1086.27,164.66,1171.12,342.56,1,-1,-1,-1
138,221,904.66,161.48,997.24,368.42,1,-1,-1,-1
138,220,781.17,122.09,877.59,368.91,1,-1,-1,-1
139,237,1103.27,162.17,1186.21,340.08,1,-1,-1,-1
139,221,917.24,162.17,1015.37,369.3,1,-1,-1,-1
139,220,783.97,121.82,890.07,370.31,1,-1,-1,-1
140,237,1121.92,160.25,1204.2,338.84,1,-1,-1,-1
140,221,936.48,161.92,1043.76,369.75,1,-1,-1,-1
140,220,792.27,116.86,905.39,367.82,1,-1,-1,-1
141,237,1137.1,160.97,1220.98,339.76,1,-1,-1,-1
141,221,958.25,160.01,1066.36,369.17,1,-1,-1,-1
141,220,815.96,111.73,926.76,365.31,1,-1,-1,-1
142,237,1143.89,163.53,1228.16,346.95,1,-1,-1,-1
142,221,984.16,160.27,1090.87,369.47,1,-1,-1,-1
142,220,841.14,110.07,946.79,366.07,1,-1,-1,-1
143,237,1164.49,177.0,1237.76,358.07,1,-1,-1,-1
143,221,1002.64,161.2,1112.51,369.64,1,-1,-1,-1
143,220,860.12,109.69,963.38,367.11,1,-1,-1,-1
144,237,1176.02,183.07,1240.04,358.43,1,-1,-1,-1
144,221,1025.15,160.82,1140.44,369.22,1,-1,-1,-1
144,220,881.91,111.62,987.73,368.21,1,-1,-1,-1
145,221,1066.37,161.42,1189.6,369.52,1,-1,-1,-1
145,220,905.67,107.55,1012.53,367.57,1,-1,-1,-1
